20.00 20.00 20.00 40.00 40.00 20.00 40.00 40.00 37.68 24.95 38.88 35.42 45.85 25.85 45.50 35.87 55.36 29.90 57.77 30.84 51.71 31.70 50.99 31.75 73.04 34.85 76.65 26.26 57.56 37.55 56.49 27.62 90.72 39.80 95.54 21.68 63.41 43.40 61.99 23.49 108.40 44.75 114.42 17.10 69.26 49.25 67.48 19.36

20.00 20.00 20.00 40.00 40.00 20.00 40.00 40.00 39.74 25.08 39.58 35.10 49.98 25.12 49.40 34.83 59.47 30.16 59.16 30.20 59.96 30.24 58.79 29.66 79.21 35.23 78.74 25.31 69.94 35.36 68.19 24.49 98.94 40.31 98.33 20.41 79.91 40.48 77.58 19.32 118.68 45.39 117.91 15.51 89.89 45.60 86.98 14.15

20.00 20.00 20.00 40.00 40.00 20.00 40.00 40.00 36.15 24.38 36.11 34.36 46.20 24.39 45.94 34.30 52.30 28.76 52.21 28.72 52.41 28.77 51.88 28.61 68.45 33.14 68.32 23.08 58.61 33.16 57.82 22.91 84.60 37.52 84.42 17.44 64.82 37.55 63.76 17.22 100.75 41.90 100.53 11.80 71.02 41.94 69.70 11.52

20.00 20.00 20.00 40.00 40.00 20.00 40.00 40.00 38.31 24.68 38.39 34.69 48.43 24.67 48.46 34.68 56.63 29.37 56.77 29.37 56.87 29.35 56.91 29.37 74.94 34.05 75.16 24.06 65.30 34.02 65.37 24.05 93.25 38.74 93.55 18.74 73.74 38.70 73.82 18.73 111.57 43.42 111.94 13.43 82.17 43.37 82.28 13.42

20.00 20.00 20.00 40.00 40.00 20.00 40.00 40.00 33.03 24.04 34.59 33.10 44.09 23.69 44.47 33.12 46.07 28.07 49.18 26.20 48.18 27.37 48.94 26.24 59.10 32.11 63.78 19.30 52.27 31.06 53.40 19.36 72.13 36.14 78.37 12.40 56.36 34.75 57.87 12.49 85.17 40.18 92.96 5.50 60.46 38.43 62.34 5.61

20.00 20.00 20.00 40.00 40.00 20.00 40.00 40.00 36.81 25.58 36.85 35.44 46.31 25.80 46.98 35.46 53.62 31.16 53.69 30.88 52.61 31.61 53.96 30.92 70.44 36.75 70.54 26.33 58.92 37.41 60.94 26.39 87.25 42.33 87.39 21.77 65.23 43.22 67.93 21.85 104.06 47.91 104.23 17.21 71.53 49.02 74.91 17.31

20.00 20.00 20.00 40.00 40.00 20.00 40.00 40.00 39.27 24.05 39.45 34.02 49.23 24.07 49.39 33.99 58.54 28.09 58.89 28.04 58.45 28.13 58.78 27.99 77.80 32.14 78.34 22.06 67.68 32.20 68.18 21.98 97.07 36.19 97.78 16.08 76.91 36.27 77.57 15.98 116.34 40.23 117.23 10.10 86.14 40.34 86.96 9.97

20.00 20.00 20.00 40.00 40.00 20.00 40.00 40.00 34.26 23.76 34.35 33.74 44.36 23.74 44.30 33.75 48.53 27.52 48.69 27.49 48.71 27.48 48.59 27.50 62.79 31.29 63.04 21.23 53.07 31.23 52.89 21.25 77.05 35.05 77.39 14.98 57.42 34.97 57.19 15.00 91.31 38.81 91.73 8.72 61.78 38.71 61.49 8.75

20.00 20.00 20.00 40.00 40.00 20.00 40.00 40.00 33.97 26.68 33.93 36.72 45.91 25.16 44.43 36.74 47.94 33.36 47.86 33.45 51.82 30.32 48.86 33.48 61.91 40.03 61.79 30.17 57.73 35.47 53.29 30.22 75.89 46.71 75.72 26.90 63.64 40.63 57.71 26.95 89.86 53.39 89.65 23.62 69.55 45.79 62.14 23.69

20.00 20.00 20.00 40.00 40.00 20.00 40.00 40.00 36.84 23.99 36.86 34.08 47.95 23.19 46.73 34.06 53.68 27.98 53.71 28.17 55.90 26.38 53.46 28.12 70.52 31.96 70.57 22.25 63.85 29.57 60.18 22.18 87.36 35.95 87.42 16.33 71.80 32.76 66.91 16.25 104.20 39.94 104.28 10.42 79.76 35.95 73.64 10.31

20.00 20.00 20.00 40.00 40.00 20.00 40.00 40.00 38.42 25.19 38.16 35.43 48.41 25.21 48.33 35.27 56.84 30.38 56.33 30.86 56.82 30.42 56.65 30.55 75.25 35.56 74.49 26.30 65.24 35.62 64.98 25.82 93.67 40.75 92.65 21.73 73.65 40.83 73.31 21.09 112.09 45.94 110.81 17.16 82.06 46.04 81.63 16.36

20.00 20.00 20.00 40.00 40.00 20.00 40.00 40.00 37.29 23.49 37.21 33.53 47.18 23.56 47.30 33.50 54.57 26.98 54.43 27.05 54.36 27.11 54.60 27.00 71.86 30.47 71.64 20.58 61.53 30.67 61.90 20.49 89.15 33.97 88.86 14.10 68.71 34.22 69.21 13.99 106.43 37.46 106.07 7.63 75.89 37.78 76.51 7.49

20.00 20.00 20.00 40.00 40.00 20.00 40.00 40.00 35.44 25.34 36.32 34.47 46.24 25.34 46.96 33.89 50.88 30.68 52.64 28.94 52.48 30.68 53.91 27.79 66.31 36.02 68.96 23.41 58.73 36.03 60.87 21.68 81.75 41.36 85.28 17.88 64.97 41.37 67.82 15.58 97.19 46.70 101.60 12.35 71.21 46.71 74.78 9.47

20.00 20.00 20.00 40.00 40.00 20.00 40.00 40.00 36.89 26.53 36.95 36.43 46.71 26.72 46.76 36.62 53.77 33.06 53.89 32.86 53.42 33.44 53.52 33.25 70.66 39.59 70.84 29.29 60.12 40.17 60.28 29.87 87.55 46.12 87.78 25.72 66.83 46.89 67.04 26.49 104.43 52.64 104.73 22.15 73.54 53.61 73.80 23.12

20.00 20.00 20.00 40.00 40.00 20.00 40.00 40.00 38.90 25.82 38.95 35.77 48.94 25.79 48.71 35.98 57.80 31.63 57.91 31.55 57.87 31.59 57.42 31.96 76.70 37.45 76.86 27.32 66.81 37.38 66.13 27.94 95.60 43.27 95.82 23.09 75.74 43.17 74.84 23.92 114.50 49.09 114.77 18.86 84.68 48.96 83.55 19.90

20.00 20.00 20.00 40.00 40.00 20.00 40.00 40.00 38.86 25.96 38.89 35.92 48.92 25.91 48.85 35.98 57.71 31.92 57.77 31.83 57.83 31.82 57.70 31.95 76.57 37.88 76.66 27.75 66.75 37.73 66.55 27.93 95.43 43.84 95.55 23.67 75.67 43.64 75.40 23.90 114.29 49.80 114.43 19.58 84.59 49.56 84.25 19.88

20.00 20.00 20.00 40.00 40.00 20.00 40.00 40.00 38.62 22.10 38.63 32.08 47.08 24.03 46.96 34.04 57.24 24.19 57.27 24.17 54.16 28.06 53.91 28.08 75.87 26.29 75.90 16.25 61.24 32.09 60.87 22.13 94.49 28.39 94.53 8.33 68.31 36.12 67.83 16.17 113.11 30.48 113.16 0.42 75.39 40.15 74.79 10.21

20.00 20.00 20.00 40.00 40.00 20.00 40.00 40.00 39.56 22.43 39.64 32.91 49.67 22.20 49.10 33.64 59.12 24.87 59.29 25.82 59.34 24.41 58.20 27.27 78.68 27.30 78.93 18.72 69.00 26.61 67.30 20.91 98.24 29.73 98.57 11.63 78.67 28.82 76.40 14.54 117.80 32.17 118.21 4.54 88.34 31.02 85.50 8.18

20.00 20.00 20.00 40.00 40.00 20.00 40.00 40.00 36.68 22.52 36.60 32.27 46.88 21.94 46.70 32.46 53.36 25.03 53.19 24.55 53.76 23.89 53.41 24.93 70.04 27.55 69.79 16.82 60.64 25.83 60.11 17.39 86.73 30.06 86.39 9.09 67.51 27.78 66.82 9.85 103.41 32.58 102.98 1.36 74.39 29.72 73.52 2.31

20.00 20.00 20.00 40.00 40.00 20.00 40.00 40.00 35.01 25.23 35.09 35.10 45.02 25.22 44.99 35.22 50.01 30.46 50.18 30.20 50.04 30.43 49.97 30.44 65.02 35.70 65.26 25.30 55.06 35.65 54.96 25.66 80.02 40.93 80.35 20.40 60.08 40.86 59.94 20.89 95.03 46.16 95.44 15.50 65.10 46.08 64.93 16.11

20.00 20.00 20.00 40.00 40.00 20.00 40.00 40.00 38.42 20.41 35.64 40.28 48.75 27.25 48.72 37.35 56.83 20.82 51.28 40.57 57.50 34.50 57.43 34.70 75.25 21.23 66.93 40.85 66.25 41.75 66.15 32.06 93.66 21.64 82.57 41.13 75.00 49.00 74.87 29.41 112.08 22.05 98.21 41.41 83.75 56.26 83.59 26.76

20.00 20.00 20.00 40.00 40.00 20.00 40.00 40.00 37.30 25.02 37.51 34.52 47.37 25.00 47.52 34.54 54.61 30.04 55.02 29.04 54.74 30.01 55.05 29.09 71.91 35.06 72.54 23.56 62.12 35.01 62.57 23.63 89.21 40.08 90.05 18.07 69.49 40.02 70.10 18.17 106.52 45.10 107.56 12.59 76.86 45.02 77.62 12.72

20.00 20.00 20.00 40.00 40.00 20.00 40.00 40.00 35.80 26.34 35.74 36.38 45.90 26.15 45.77 36.40 51.59 32.67 51.48 32.76 51.81 32.30 51.54 32.81 67.39 39.01 67.23 29.14 57.71 38.45 57.31 29.21 83.18 45.34 82.97 25.53 63.61 44.61 63.08 25.62 98.98 51.68 98.71 21.91 69.52 50.76 68.85 22.02

20.00 20.00 20.00 40.00 40.00 20.00 40.00 40.00 35.02 27.87 35.06 37.82 45.01 27.88 44.99 37.91 50.04 35.73 50.13 35.64 50.02 35.75 49.98 35.82 65.07 43.60 65.19 33.47 55.04 43.63 54.97 33.73 80.09 51.46 80.26 31.29 60.05 51.50 59.96 31.64 95.11 59.33 95.32 29.11 65.06 59.38 64.95 29.55

20.00 20.00 20.00 40.00 40.00 20.00 40.00 40.00 39.39 26.08 39.43 37.74 49.54 27.21 49.54 37.78 58.77 32.16 58.87 35.48 59.08 34.42 59.08 35.56 78.16 38.24 78.30 33.22 68.62 41.63 68.62 33.35 97.55 44.32 97.73 30.96 78.16 48.85 78.16 31.13 116.94 50.40 117.16 28.70 87.69 56.06 87.70 28.91

20.00 20.00 20.00 40.00 40.00 20.00 40.00 40.00 35.29 27.41 35.23 37.20 45.38 27.38 45.32 37.53 50.59 34.82 50.45 34.39 50.75 34.77 50.64 35.07 65.88 42.23 65.68 31.59 56.13 42.15 55.96 32.60 81.17 49.64 80.90 28.78 61.51 49.54 61.28 30.13 96.46 57.05 96.13 25.98 66.89 56.92 66.60 27.67

20.00 20.00 20.00 40.00 40.00 20.00 40.00 40.00 36.70 24.84 36.66 34.89 46.66 24.87 46.67 34.73 53.41 29.68 53.31 29.78 53.31 29.73 53.34 29.47 70.11 34.52 69.97 24.66 59.97 34.60 60.01 24.20 86.82 39.36 86.63 19.55 66.63 39.47 66.68 18.93 103.52 44.19 103.29 14.44 73.28 44.33 73.35 13.67

20.00 20.00 20.00 40.00 40.00 20.00 40.00 40.00 38.31 22.28 38.29 32.30 48.32 22.39 48.30 32.29 56.62 24.56 56.58 24.59 56.63 24.79 56.60 24.57 74.94 26.84 74.87 16.89 64.95 27.18 64.90 16.86 93.25 29.12 93.16 9.19 73.26 29.57 73.20 9.14 111.56 31.40 111.45 1.49 81.58 31.97 81.51 1.43

20.00 20.00 20.00 40.00 40.00 20.00 40.00 40.00 36.19 26.65 35.95 38.24 45.96 27.69 45.92 38.10 52.37 33.30 51.89 36.48 51.91 35.37 51.84 36.20 68.56 39.95 67.84 34.72 57.87 43.06 57.75 34.31 84.75 46.60 83.79 32.95 63.82 50.74 63.67 32.41 100.93 53.25 99.74 31.19 69.78 58.43 69.59 30.51

20.00 20.00 20.00 40.00 40.00 20.00 40.00 40.00 34.92 25.78 34.81 35.86 44.86 25.44 44.90 35.49 49.85 31.56 49.61 31.72 49.71 30.88 49.81 30.97 64.77 37.34 64.42 27.58 54.57 36.33 54.71 26.46 79.70 43.12 79.23 23.45 59.42 41.77 59.62 21.94 94.62 48.90 94.04 19.31 64.28 47.21 64.52 17.43

20.00 20.00 20.00 40.00 40.00 20.00 40.00 40.00 35.78 24.25 35.77 34.50 45.77 24.29 45.80 34.28 51.56 28.50 51.53 28.99 51.54 28.58 51.59 28.56 67.34 32.74 67.30 23.49 57.31 32.87 57.39 22.84 83.13 36.99 83.07 17.99 63.08 37.15 63.19 17.11 98.91 41.24 98.83 12.49 68.84 41.44 68.98 11.39

20.00 20.00 20.00 40.00 40.00 20.00 40.00 40.00 36.38 24.92 36.41 34.76 46.45 24.89 46.45 34.90 52.76 29.85 52.82 29.53 52.89 29.78 52.90 29.79 69.15 34.77 69.23 24.29 59.34 34.67 59.34 24.69 85.53 39.69 85.65 19.05 65.79 39.57 65.79 19.58 101.91 44.62 102.06 13.82 72.23 44.46 72.24 14.48

