20.00 20.00 20.00 40.00 40.00 20.00 40.00 40.00 36.17 23.26 35.31 33.33 47.50 21.10 55.10 35.95 52.35 26.53 50.63 26.67 55.01 22.20 70.21 31.90 68.52 29.79 65.94 20.00 62.51 23.31 85.31 27.85 84.70 33.05 81.25 13.34 70.01 24.41 100.42 23.79 100.87 36.32 96.56 6.67 77.51 25.51 115.52 19.74

20.00 20.00 20.00 40.00 40.00 20.00 40.00 40.00 33.82 24.52 33.60 34.56 53.92 24.37 44.07 34.58 47.65 29.04 47.20 29.11 67.84 28.74 48.15 29.15 61.47 33.56 60.80 23.67 81.75 33.11 52.22 23.73 75.30 38.09 74.40 18.22 95.67 37.49 56.30 18.30 89.12 42.61 88.00 12.78 109.59 41.86 60.37 12.88

20.00 20.00 20.00 40.00 40.00 20.00 40.00 40.00 38.46 26.20 32.34 38.02 50.29 26.17 52.54 38.09 56.91 32.39 44.68 36.05 60.59 32.34 65.07 36.19 75.37 38.59 57.02 34.07 70.88 38.51 77.61 34.28 93.83 44.78 69.36 32.10 81.18 44.67 90.15 32.38 112.29 50.98 81.70 30.12 91.47 50.84 102.68 30.47

20.00 20.00 20.00 40.00 40.00 20.00 40.00 40.00 36.51 22.95 32.05 34.35 46.39 22.96 44.02 34.31 53.02 25.90 44.09 28.70 52.79 25.92 48.04 28.63 69.54 28.85 56.14 23.05 59.18 28.87 52.05 22.94 86.05 31.80 68.18 17.40 65.57 31.83 56.07 17.26 102.56 34.75 80.23 11.75 71.97 34.79 60.09 11.57

20.00 20.00 20.00 40.00 40.00 20.00 40.00 40.00 39.82 22.17 30.89 37.75 51.75 23.21 52.86 34.88 59.63 24.34 41.78 35.50 63.50 26.42 65.72 29.76 79.45 26.52 52.67 33.24 75.26 29.63 78.57 24.64 99.26 28.69 63.56 30.99 87.01 32.84 91.43 19.52 119.08 30.86 74.45 28.74 98.76 36.05 104.29 14.40

20.00 20.00 20.00 40.00 40.00 20.00 40.00 40.00 34.94 25.17 32.12 37.76 45.53 25.12 52.20 37.15 49.88 30.34 44.24 35.52 51.07 30.23 64.40 34.31 64.82 35.50 56.35 33.28 56.60 35.35 76.60 31.46 79.76 40.67 68.47 31.04 62.13 40.47 88.80 28.62 94.71 45.84 80.59 28.80 67.66 45.59 101.00 25.77

20.00 20.00 20.00 40.00 40.00 20.00 40.00 40.00 32.07 22.85 38.86 34.72 52.03 22.19 49.02 34.70 44.14 25.70 57.71 29.45 64.06 24.38 58.04 29.40 56.22 28.55 76.57 24.17 76.10 26.57 67.06 24.11 68.29 31.40 95.43 18.89 88.13 28.76 76.09 18.81 80.36 34.25 114.29 13.62 100.16 30.94 85.11 13.51

20.00 20.00 20.00 40.00 40.00 20.00 40.00 40.00 32.15 24.03 38.05 35.99 52.12 23.50 47.95 36.03 44.31 28.07 56.10 31.99 64.25 27.00 55.90 32.07 56.46 32.10 74.15 27.98 76.37 30.50 63.84 28.10 68.61 36.14 92.20 23.98 88.49 34.00 71.79 24.14 80.76 40.17 110.25 19.97 100.62 37.50 79.74 20.17

20.00 20.00 20.00 40.00 40.00 20.00 40.00 40.00 36.69 25.12 31.53 39.54 44.32 26.92 49.71 36.11 53.38 30.23 43.07 39.08 48.64 33.84 59.43 32.23 70.08 35.35 54.60 38.63 52.96 40.77 69.14 28.34 86.77 40.47 66.14 38.17 57.27 47.69 78.85 24.46 103.46 45.58 77.67 37.71 61.59 54.61 88.57 20.57

20.00 20.00 20.00 40.00 40.00 20.00 40.00 40.00 36.37 23.27 38.73 32.20 47.15 24.26 49.04 33.18 52.75 26.53 57.46 24.40 54.30 28.52 58.07 26.36 69.12 29.80 76.20 16.61 61.45 32.79 67.11 19.54 85.50 33.06 94.93 8.81 68.60 37.05 76.14 12.72 101.87 36.33 113.66 1.01 75.75 41.31 85.18 5.89

20.00 20.00 20.00 40.00 40.00 20.00 40.00 40.00 39.36 20.13 34.06 35.83 47.16 22.63 52.53 32.46 58.73 20.26 48.12 31.66 54.31 25.26 65.07 24.93 78.09 20.40 62.18 27.49 61.47 27.88 77.60 17.39 97.45 20.53 76.23 23.32 68.62 30.51 90.13 9.86 116.82 20.66 90.29 19.15 75.78 33.14 102.66 2.32

20.00 20.00 20.00 40.00 40.00 20.00 40.00 40.00 31.37 25.20 31.30 35.26 51.47 20.11 44.15 38.79 42.75 30.40 42.59 30.52 62.93 20.22 48.31 37.58 54.12 35.60 53.89 25.78 74.40 20.34 52.46 36.37 65.50 40.81 65.18 21.04 85.86 20.45 56.61 35.16 76.87 46.01 76.48 16.30 97.33 20.56 60.76 33.95

20.00 20.00 20.00 40.00 40.00 20.00 40.00 40.00 38.28 20.36 30.15 41.42 47.91 20.87 49.95 32.87 56.56 20.71 40.30 42.83 55.82 21.75 59.90 25.74 74.85 21.07 50.45 44.25 63.74 22.62 69.85 18.60 93.13 21.43 60.60 45.66 71.65 23.49 79.80 11.47 111.41 21.78 70.75 47.08 79.56 24.37 89.75 4.34

20.00 20.00 20.00 40.00 40.00 20.00 40.00 40.00 35.06 23.56 37.34 34.45 49.46 19.46 46.52 38.22 50.12 27.13 54.69 28.90 58.92 18.93 53.04 36.43 65.18 30.69 72.03 23.35 68.38 18.39 59.55 34.65 80.24 34.25 89.38 17.80 77.84 17.86 66.07 32.87 95.29 37.82 106.72 12.25 87.30 17.32 72.59 31.08

20.00 20.00 20.00 40.00 40.00 20.00 40.00 40.00 38.20 21.85 35.04 34.96 48.22 21.84 44.63 41.93 56.40 23.70 50.08 29.91 56.44 23.69 49.26 43.87 74.59 25.55 65.12 24.87 64.66 25.53 53.89 45.80 92.79 27.41 80.15 19.83 72.89 27.37 58.52 47.74 110.99 29.26 95.19 14.78 81.11 29.22 63.15 49.67

20.00 20.00 20.00 40.00 40.00 20.00 40.00 40.00 37.62 21.85 34.51 34.73 45.43 26.84 45.46 36.79 55.24 23.71 49.02 29.47 50.85 33.68 50.91 33.59 72.86 25.56 63.53 24.20 56.28 40.51 56.37 30.38 90.48 27.41 78.04 18.94 61.70 47.35 61.83 27.18 108.10 29.26 92.55 13.67 67.13 54.19 67.28 23.97

20.00 20.00 20.00 40.00 40.00 20.00 40.00 40.00 39.31 18.80 36.89 38.01 48.41 24.17 49.12 36.08 58.62 17.60 53.78 36.02 56.83 28.33 58.24 32.15 77.93 16.40 70.67 34.04 65.24 32.50 67.37 28.23 97.24 15.20 87.57 32.05 73.65 36.67 76.49 24.30 116.55 14.00 104.46 30.06 82.07 40.84 85.61 20.38

20.00 20.00 20.00 40.00 40.00 20.00 40.00 40.00 39.88 19.38 37.18 39.81 50.25 26.99 49.21 38.87 59.77 18.77 54.37 39.62 60.50 33.97 58.42 37.74 79.65 18.15 71.55 39.43 70.75 40.96 67.63 36.62 99.54 17.54 88.73 39.24 80.99 47.95 76.84 35.49 119.42 16.92 105.92 39.05 91.24 54.94 86.05 34.36

20.00 20.00 20.00 40.00 40.00 20.00 40.00 40.00 35.71 26.15 37.13 35.20 45.77 26.05 46.50 37.89 51.41 32.30 54.25 30.40 51.53 32.10 53.00 35.77 67.12 38.44 71.38 25.60 57.30 38.16 59.50 33.66 82.82 44.59 88.50 20.80 63.07 44.21 66.00 31.54 98.53 50.74 105.63 16.00 68.83 50.26 72.50 29.43

20.00 20.00 20.00 40.00 40.00 20.00 40.00 40.00 32.63 27.91 32.25 38.46 51.00 19.52 45.16 41.91 45.26 35.83 44.51 36.93 61.99 19.05 50.32 43.81 57.89 43.74 56.76 35.39 72.99 18.57 55.48 45.72 70.53 51.65 69.02 33.86 83.98 18.10 60.64 47.62 83.16 59.56 81.27 32.32 94.98 17.62 65.79 49.53

20.00 20.00 20.00 40.00 40.00 20.00 40.00 40.00 39.45 16.72 37.67 36.76 47.97 23.65 48.44 35.57 58.89 13.44 55.35 33.52 55.93 27.29 56.87 31.15 78.34 10.15 73.02 30.29 63.90 30.94 65.31 26.72 97.78 6.87 90.70 27.05 71.87 34.59 73.74 22.29 117.23 3.59 108.37 23.81 79.83 38.23 82.18 17.86

20.00 20.00 20.00 40.00 40.00 20.00 40.00 40.00 33.67 27.92 33.83 37.64 51.10 17.83 46.58 40.84 47.33 35.84 47.67 35.28 62.20 15.67 53.16 41.67 61.00 43.76 61.50 32.92 73.30 13.50 59.74 42.51 74.66 51.69 75.33 30.56 84.40 11.33 66.32 43.35 88.33 59.61 89.17 28.20 95.51 9.17 72.90 44.19

20.00 20.00 20.00 40.00 40.00 20.00 40.00 40.00 33.31 23.70 34.74 32.89 47.87 19.82 45.10 38.77 46.63 27.40 49.48 25.77 55.75 19.63 50.20 37.54 59.94 31.10 64.23 18.66 63.62 19.45 55.30 36.31 73.26 34.81 78.97 11.55 71.49 19.27 60.40 35.08 86.57 38.51 93.71 4.44 79.37 19.08 65.49 33.85

20.00 20.00 20.00 40.00 40.00 20.00 40.00 40.00 35.39 24.89 35.39 34.91 45.38 24.93 45.38 34.88 50.79 29.78 50.78 29.82 50.76 29.86 50.77 29.76 66.18 34.67 66.17 24.73 56.14 34.79 56.15 24.64 81.58 39.57 81.56 19.64 61.52 39.72 61.53 19.53 96.97 44.46 96.95 14.55 66.90 44.65 66.91 14.41

20.00 20.00 20.00 40.00 40.00 20.00 40.00 40.00 35.87 23.68 36.29 34.67 47.07 22.22 47.37 33.25 51.73 27.37 52.58 29.35 54.14 24.44 54.74 26.49 67.60 31.05 68.87 24.02 61.21 26.66 62.10 19.74 83.47 34.74 85.17 18.69 68.28 28.89 69.47 12.99 99.34 38.42 101.46 13.36 75.36 31.11 76.84 6.23

20.00 20.00 20.00 40.00 40.00 20.00 40.00 40.00 38.00 24.39 38.45 33.26 51.79 20.30 49.98 40.31 56.00 28.78 56.90 26.51 63.59 20.60 59.96 40.62 74.00 33.18 75.35 19.77 75.38 20.89 69.94 40.92 92.00 37.57 93.80 13.03 87.17 21.19 79.92 41.23 110.00 41.96 112.25 6.28 98.96 21.49 89.90 41.54

20.00 20.00 20.00 40.00 40.00 20.00 40.00 40.00 39.70 27.30 39.73 37.45 51.75 20.79 52.79 32.74 59.40 34.60 59.47 34.90 63.51 21.59 65.57 25.49 79.11 41.90 79.20 32.35 75.26 22.38 78.36 18.23 98.81 49.20 98.93 29.80 87.01 23.18 91.14 10.98 118.51 56.50 118.67 27.25 98.76 23.97 103.93 3.72

20.00 20.00 20.00 40.00 40.00 20.00 40.00 40.00 37.91 26.36 38.05 38.34 49.83 24.37 50.68 32.74 55.82 32.71 56.11 36.68 59.66 28.74 61.36 25.47 73.73 39.07 74.16 35.02 69.49 33.11 72.05 18.21 91.64 45.42 92.21 33.36 79.32 37.48 82.73 10.94 109.54 51.78 110.26 31.70 89.14 41.85 93.41 3.68

20.00 20.00 20.00 40.00 40.00 20.00 40.00 40.00 33.06 17.79 34.74 37.66 45.63 27.06 45.64 36.99 46.13 15.59 49.49 35.33 51.26 34.12 51.28 33.98 59.19 13.38 64.23 32.99 56.89 41.18 56.92 30.97 72.26 11.17 78.98 30.66 62.53 48.24 62.56 27.97 85.32 8.96 93.72 28.32 68.16 55.29 68.20 24.96

20.00 20.00 20.00 40.00 40.00 20.00 40.00 40.00 36.22 26.45 36.16 37.10 48.74 17.50 48.11 37.80 52.45 32.90 52.31 34.21 57.48 15.00 56.21 35.60 68.67 39.35 68.47 31.31 66.22 12.51 64.32 33.40 84.90 45.80 84.62 28.42 74.96 10.01 72.42 31.20 101.12 52.25 100.78 25.52 83.70 7.51 80.53 29.00

20.00 20.00 20.00 40.00 40.00 20.00 40.00 40.00 33.76 19.09 33.84 41.56 47.22 22.24 47.17 32.04 47.52 18.19 47.67 43.12 54.43 24.48 54.34 24.08 61.29 17.28 61.51 44.67 61.65 26.72 61.51 16.13 75.05 16.37 75.35 46.23 68.87 28.95 68.68 8.17 88.81 15.47 89.18 47.79 76.08 31.19 75.85 0.21

20.00 20.00 20.00 40.00 40.00 20.00 40.00 40.00 33.15 27.28 33.14 37.17 45.11 21.76 45.47 33.77 46.31 34.56 46.28 34.33 50.23 23.52 50.94 27.53 59.46 41.83 59.41 31.50 55.34 25.27 56.41 21.30 72.61 49.11 72.55 28.66 60.45 27.03 61.89 15.07 85.77 56.39 85.69 25.83 65.56 28.79 67.36 8.83

