20.00 20.00 20.00 40.00 40.00 20.00 40.00 40.00 28.00 16.00 28.00 32.00 44.00 16.00 44.00 32.00 36.00 12.00 36.00 24.00 48.00 12.00 48.00 24.00 44.00 8.00 44.00 16.00 52.00 8.00 52.00 16.00 52.00 4.00 52.00 8.00 56.00 4.00 56.00 8.00 60.00 0.00 60.00 0.00 60.00 0.00 60.00 0.00

20.00 20.00 20.00 40.00 40.00 20.00 40.00 40.00 36.00 24.00 36.00 40.00 52.00 24.00 52.00 40.00 52.00 28.00 52.00 40.00 64.00 28.00 64.00 40.00 68.00 32.00 68.00 40.00 76.00 32.00 76.00 40.00 84.00 36.00 84.00 40.00 88.00 36.00 88.00 40.00 100.00 40.00 100.00 40.00 100.00 40.00 100.00 40.00

20.00 20.00 20.00 40.00 40.00 20.00 40.00 40.00 32.00 24.00 32.00 40.00 48.00 24.00 48.00 40.00 44.00 28.00 44.00 40.00 56.00 28.00 56.00 40.00 56.00 32.00 56.00 40.00 64.00 32.00 64.00 40.00 68.00 36.00 68.00 40.00 72.00 36.00 72.00 40.00 80.00 40.00 80.00 40.00 80.00 40.00 80.00 40.00

20.00 20.00 20.00 40.00 40.00 20.00 40.00 40.00 28.00 20.00 28.00 36.00 44.00 20.00 44.00 36.00 36.00 20.00 36.00 32.00 48.00 20.00 48.00 32.00 44.00 20.00 44.00 28.00 52.00 20.00 52.00 28.00 52.00 20.00 52.00 24.00 56.00 20.00 56.00 24.00 60.00 20.00 60.00 20.00 60.00 20.00 60.00 20.00

20.00 20.00 20.00 40.00 40.00 20.00 40.00 40.00 28.00 20.00 28.00 36.00 44.00 20.00 44.00 36.00 36.00 20.00 36.00 32.00 48.00 20.00 48.00 32.00 44.00 20.00 44.00 28.00 52.00 20.00 52.00 28.00 52.00 20.00 52.00 24.00 56.00 20.00 56.00 24.00 60.00 20.00 60.00 20.00 60.00 20.00 60.00 20.00

20.00 20.00 20.00 40.00 40.00 20.00 40.00 40.00 36.00 20.00 36.00 36.00 52.00 20.00 52.00 36.00 52.00 20.00 52.00 32.00 64.00 20.00 64.00 32.00 68.00 20.00 68.00 28.00 76.00 20.00 76.00 28.00 84.00 20.00 84.00 24.00 88.00 20.00 88.00 24.00 100.00 20.00 100.00 20.00 100.00 20.00 100.00 20.00

20.00 20.00 20.00 40.00 40.00 20.00 40.00 40.00 36.00 24.00 36.00 40.00 52.00 24.00 52.00 40.00 52.00 28.00 52.00 40.00 64.00 28.00 64.00 40.00 68.00 32.00 68.00 40.00 76.00 32.00 76.00 40.00 84.00 36.00 84.00 40.00 88.00 36.00 88.00 40.00 100.00 40.00 100.00 40.00 100.00 40.00 100.00 40.00

20.00 20.00 20.00 40.00 40.00 20.00 40.00 40.00 32.00 20.00 32.00 36.00 48.00 20.00 48.00 36.00 44.00 20.00 44.00 32.00 56.00 20.00 56.00 32.00 56.00 20.00 56.00 28.00 64.00 20.00 64.00 28.00 68.00 20.00 68.00 24.00 72.00 20.00 72.00 24.00 80.00 20.00 80.00 20.00 80.00 20.00 80.00 20.00

20.00 20.00 20.00 40.00 40.00 20.00 40.00 40.00 40.00 20.00 40.00 36.00 56.00 20.00 56.00 36.00 60.00 20.00 60.00 32.00 72.00 20.00 72.00 32.00 80.00 20.00 80.00 28.00 88.00 20.00 88.00 28.00 100.00 20.00 100.00 24.00 104.00 20.00 104.00 24.00 120.00 20.00 120.00 20.00 120.00 20.00 120.00 20.00

20.00 20.00 20.00 40.00 40.00 20.00 40.00 40.00 40.00 20.00 40.00 36.00 56.00 20.00 56.00 36.00 60.00 20.00 60.00 32.00 72.00 20.00 72.00 32.00 80.00 20.00 80.00 28.00 88.00 20.00 88.00 28.00 100.00 20.00 100.00 24.00 104.00 20.00 104.00 24.00 120.00 20.00 120.00 20.00 120.00 20.00 120.00 20.00

20.00 20.00 20.00 40.00 40.00 20.00 40.00 40.00 40.00 20.00 40.00 36.00 56.00 20.00 56.00 36.00 60.00 20.00 60.00 32.00 72.00 20.00 72.00 32.00 80.00 20.00 80.00 28.00 88.00 20.00 88.00 28.00 100.00 20.00 100.00 24.00 104.00 20.00 104.00 24.00 120.00 20.00 120.00 20.00 120.00 20.00 120.00 20.00

20.00 20.00 20.00 40.00 40.00 20.00 40.00 40.00 40.00 16.00 40.00 32.00 56.00 16.00 56.00 32.00 60.00 12.00 60.00 24.00 72.00 12.00 72.00 24.00 80.00 8.00 80.00 16.00 88.00 8.00 88.00 16.00 100.00 4.00 100.00 8.00 104.00 4.00 104.00 8.00 120.00 0.00 120.00 0.00 120.00 0.00 120.00 0.00

20.00 20.00 20.00 40.00 40.00 20.00 40.00 40.00 32.00 16.00 32.00 32.00 48.00 16.00 48.00 32.00 44.00 12.00 44.00 24.00 56.00 12.00 56.00 24.00 56.00 8.00 56.00 16.00 64.00 8.00 64.00 16.00 68.00 4.00 68.00 8.00 72.00 4.00 72.00 8.00 80.00 0.00 80.00 0.00 80.00 0.00 80.00 0.00

20.00 20.00 20.00 40.00 40.00 20.00 40.00 40.00 32.00 24.00 32.00 40.00 48.00 24.00 48.00 40.00 44.00 28.00 44.00 40.00 56.00 28.00 56.00 40.00 56.00 32.00 56.00 40.00 64.00 32.00 64.00 40.00 68.00 36.00 68.00 40.00 72.00 36.00 72.00 40.00 80.00 40.00 80.00 40.00 80.00 40.00 80.00 40.00

20.00 20.00 20.00 40.00 40.00 20.00 40.00 40.00 40.00 16.00 40.00 32.00 56.00 16.00 56.00 32.00 60.00 12.00 60.00 24.00 72.00 12.00 72.00 24.00 80.00 8.00 80.00 16.00 88.00 8.00 88.00 16.00 100.00 4.00 100.00 8.00 104.00 4.00 104.00 8.00 120.00 0.00 120.00 0.00 120.00 0.00 120.00 0.00

20.00 20.00 20.00 40.00 40.00 20.00 40.00 40.00 40.00 16.00 40.00 32.00 56.00 16.00 56.00 32.00 60.00 12.00 60.00 24.00 72.00 12.00 72.00 24.00 80.00 8.00 80.00 16.00 88.00 8.00 88.00 16.00 100.00 4.00 100.00 8.00 104.00 4.00 104.00 8.00 120.00 0.00 120.00 0.00 120.00 0.00 120.00 0.00

20.00 20.00 20.00 40.00 40.00 20.00 40.00 40.00 40.00 16.00 40.00 32.00 56.00 16.00 56.00 32.00 60.00 12.00 60.00 24.00 72.00 12.00 72.00 24.00 80.00 8.00 80.00 16.00 88.00 8.00 88.00 16.00 100.00 4.00 100.00 8.00 104.00 4.00 104.00 8.00 120.00 0.00 120.00 0.00 120.00 0.00 120.00 0.00

20.00 20.00 20.00 40.00 40.00 20.00 40.00 40.00 40.00 16.00 40.00 32.00 56.00 16.00 56.00 32.00 60.00 12.00 60.00 24.00 72.00 12.00 72.00 24.00 80.00 8.00 80.00 16.00 88.00 8.00 88.00 16.00 100.00 4.00 100.00 8.00 104.00 4.00 104.00 8.00 120.00 0.00 120.00 0.00 120.00 0.00 120.00 0.00

20.00 20.00 20.00 40.00 40.00 20.00 40.00 40.00 40.00 16.00 40.00 32.00 56.00 16.00 56.00 32.00 60.00 12.00 60.00 24.00 72.00 12.00 72.00 24.00 80.00 8.00 80.00 16.00 88.00 8.00 88.00 16.00 100.00 4.00 100.00 8.00 104.00 4.00 104.00 8.00 120.00 0.00 120.00 0.00 120.00 0.00 120.00 0.00

20.00 20.00 20.00 40.00 40.00 20.00 40.00 40.00 40.00 16.00 40.00 32.00 56.00 16.00 56.00 32.00 60.00 12.00 60.00 24.00 72.00 12.00 72.00 24.00 80.00 8.00 80.00 16.00 88.00 8.00 88.00 16.00 100.00 4.00 100.00 8.00 104.00 4.00 104.00 8.00 120.00 0.00 120.00 0.00 120.00 0.00 120.00 0.00

20.00 20.00 20.00 40.00 40.00 20.00 40.00 40.00 36.00 20.00 36.00 36.00 52.00 20.00 52.00 36.00 52.00 20.00 52.00 32.00 64.00 20.00 64.00 32.00 68.00 20.00 68.00 28.00 76.00 20.00 76.00 28.00 84.00 20.00 84.00 24.00 88.00 20.00 88.00 24.00 100.00 20.00 100.00 20.00 100.00 20.00 100.00 20.00

20.00 20.00 20.00 40.00 40.00 20.00 40.00 40.00 40.00 20.00 40.00 36.00 56.00 20.00 56.00 36.00 60.00 20.00 60.00 32.00 72.00 20.00 72.00 32.00 80.00 20.00 80.00 28.00 88.00 20.00 88.00 28.00 100.00 20.00 100.00 24.00 104.00 20.00 104.00 24.00 120.00 20.00 120.00 20.00 120.00 20.00 120.00 20.00

20.00 20.00 20.00 40.00 40.00 20.00 40.00 40.00 36.00 16.00 36.00 32.00 52.00 16.00 52.00 32.00 52.00 12.00 52.00 24.00 64.00 12.00 64.00 24.00 68.00 8.00 68.00 16.00 76.00 8.00 76.00 16.00 84.00 4.00 84.00 8.00 88.00 4.00 88.00 8.00 100.00 0.00 100.00 0.00 100.00 0.00 100.00 0.00

20.00 20.00 20.00 40.00 40.00 20.00 40.00 40.00 32.00 20.00 32.00 36.00 48.00 20.00 48.00 36.00 44.00 20.00 44.00 32.00 56.00 20.00 56.00 32.00 56.00 20.00 56.00 28.00 64.00 20.00 64.00 28.00 68.00 20.00 68.00 24.00 72.00 20.00 72.00 24.00 80.00 20.00 80.00 20.00 80.00 20.00 80.00 20.00

20.00 20.00 20.00 40.00 40.00 20.00 40.00 40.00 28.00 20.00 28.00 36.00 44.00 20.00 44.00 36.00 36.00 20.00 36.00 32.00 48.00 20.00 48.00 32.00 44.00 20.00 44.00 28.00 52.00 20.00 52.00 28.00 52.00 20.00 52.00 24.00 56.00 20.00 56.00 24.00 60.00 20.00 60.00 20.00 60.00 20.00 60.00 20.00

20.00 20.00 20.00 40.00 40.00 20.00 40.00 40.00 32.00 16.00 32.00 32.00 48.00 16.00 48.00 32.00 44.00 12.00 44.00 24.00 56.00 12.00 56.00 24.00 56.00 8.00 56.00 16.00 64.00 8.00 64.00 16.00 68.00 4.00 68.00 8.00 72.00 4.00 72.00 8.00 80.00 0.00 80.00 0.00 80.00 0.00 80.00 0.00

20.00 20.00 20.00 40.00 40.00 20.00 40.00 40.00 40.00 20.00 40.00 36.00 56.00 20.00 56.00 36.00 60.00 20.00 60.00 32.00 72.00 20.00 72.00 32.00 80.00 20.00 80.00 28.00 88.00 20.00 88.00 28.00 100.00 20.00 100.00 24.00 104.00 20.00 104.00 24.00 120.00 20.00 120.00 20.00 120.00 20.00 120.00 20.00

20.00 20.00 20.00 40.00 40.00 20.00 40.00 40.00 32.00 24.00 32.00 40.00 48.00 24.00 48.00 40.00 44.00 28.00 44.00 40.00 56.00 28.00 56.00 40.00 56.00 32.00 56.00 40.00 64.00 32.00 64.00 40.00 68.00 36.00 68.00 40.00 72.00 36.00 72.00 40.00 80.00 40.00 80.00 40.00 80.00 40.00 80.00 40.00

20.00 20.00 20.00 40.00 40.00 20.00 40.00 40.00 36.00 24.00 36.00 40.00 48.00 24.00 48.00 36.00 52.00 28.00 52.00 40.00 56.00 28.00 56.00 32.00 68.00 32.00 68.00 40.00 64.00 32.00 64.00 28.00 84.00 36.00 84.00 40.00 72.00 36.00 72.00 24.00 100.00 40.00 100.00 40.00 80.00 40.00 80.00 20.00

20.00 20.00 20.00 40.00 40.00 20.00 40.00 40.00 32.00 24.00 32.00 40.00 48.00 24.00 48.00 40.00 44.00 28.00 44.00 40.00 56.00 28.00 56.00 40.00 56.00 32.00 56.00 40.00 64.00 32.00 64.00 40.00 68.00 36.00 68.00 40.00 72.00 36.00 72.00 40.00 80.00 40.00 80.00 40.00 80.00 40.00 80.00 40.00

20.00 20.00 20.00 40.00 40.00 20.00 40.00 40.00 36.00 24.00 36.00 40.00 52.00 24.00 52.00 40.00 52.00 28.00 52.00 40.00 64.00 28.00 64.00 40.00 68.00 32.00 68.00 40.00 76.00 32.00 76.00 40.00 84.00 36.00 84.00 40.00 88.00 36.00 88.00 40.00 100.00 40.00 100.00 40.00 100.00 40.00 100.00 40.00

20.00 20.00 20.00 40.00 40.00 20.00 40.00 40.00 32.00 28.00 32.00 44.00 48.00 28.00 48.00 44.00 44.00 36.00 44.00 48.00 56.00 36.00 56.00 48.00 56.00 44.00 56.00 52.00 64.00 44.00 64.00 52.00 68.00 52.00 68.00 56.00 72.00 52.00 72.00 56.00 80.00 60.00 80.00 60.00 80.00 60.00 80.00 60.00

