10.17 85.76 75.89 16.08 16.08 31.07 69.18 76.33 28.24 76.98 83.51 15.43 26.09 28.38 73.67 64.88 46.32 68.21 91.14 14.78 36.10 25.69 78.15 53.44 64.39 59.44 98.76 14.13 46.11 23.00 82.63 41.99 82.46 50.67 106.39 13.48 56.12 20.32 87.11 30.54 100.53 41.90 114.01 12.83 66.13 17.63 91.59 19.09

12.19 9.87 38.19 21.31 58.73 37.80 2.58 43.86 29.04 11.65 53.94 20.65 70.28 39.63 15.73 37.48 45.89 13.42 69.69 20.00 81.83 41.47 28.88 31.11 62.74 15.20 85.44 19.34 93.38 43.31 42.03 24.73 79.60 16.97 101.19 18.68 104.93 45.14 55.18 18.36 96.45 18.75 116.95 18.03 116.48 46.98 68.32 11.98

35.83 53.59 43.21 7.51 11.74 27.94 12.73 51.95 50.49 50.93 51.87 12.42 21.98 27.19 23.42 50.78 65.16 48.28 60.53 17.33 32.23 26.44 34.10 49.61 79.82 45.63 69.19 22.24 42.48 25.68 44.79 48.45 94.49 42.97 77.85 27.15 52.73 24.93 55.47 47.28 109.15 40.32 86.51 32.06 62.98 24.18 66.16 46.12

54.55 52.37 26.08 55.74 7.39 41.06 53.38 9.83 64.97 52.12 37.95 48.93 27.07 36.26 65.29 12.36 75.40 51.88 49.82 42.13 46.75 31.45 77.21 14.89 85.83 51.63 61.68 35.33 66.44 26.65 89.13 17.42 96.26 51.39 73.55 28.53 86.12 21.84 101.05 19.96 106.68 51.14 85.42 21.72 105.80 17.03 112.96 22.49

56.55 42.17 1.31 1.45 28.47 46.71 25.29 25.51 68.42 45.23 13.30 9.69 39.52 47.39 40.20 26.88 80.29 48.30 25.28 17.93 50.57 48.08 55.12 28.24 92.15 51.36 37.27 26.17 61.61 48.76 70.03 29.60 104.02 54.43 49.26 34.41 72.66 49.45 84.95 30.97 115.89 57.49 61.24 42.65 83.71 50.13 99.86 32.33

