20.00 20.00 20.00 40.00 40.00 20.00 40.00 40.00 29.00 23.47 35.11 42.99 49.73 20.74 55.15 40.28 38.00 26.94 50.22 45.98 59.46 21.49 70.29 40.55 47.00 30.41 65.33 48.97 69.19 22.23 85.44 40.83 56.00 33.88 80.43 51.96 78.92 22.98 100.58 41.11 65.00 37.35 95.54 54.95 88.66 23.72 115.73 41.38
 
20.00 20.00 20.00 40.00 40.00 20.00 40.00 40.00 30.69 18.88 35.54 39.00 50.70 18.40 55.77 38.43 41.38 17.76 51.08 38.01 61.39 16.80 71.55 36.86 52.06 16.64 66.62 37.01 72.09 15.20 87.32 35.29 62.75 15.52 82.16 36.01 82.78 13.60 103.10 33.73 73.44 14.40 97.70 35.02 93.48 12.00 118.87 32.16
 
20.00 20.00 20.00 40.00 40.00 20.00 40.00 40.00 29.47 20.37 35.29 39.66 50.33 19.62 55.57 38.94 38.93 20.75 50.58 39.32 60.66 19.24 71.14 37.87 48.40 21.12 65.87 38.99 71.00 18.86 86.71 36.81 57.86 21.49 81.16 38.65 81.33 18.48 102.28 35.74 67.33 21.86 96.45 38.31 91.66 18.10 117.85 34.68
 
20.00 20.00 20.00 40.00 40.00 20.00 40.00 40.00 30.27 21.32 35.89 40.55 50.46 20.33 55.97 39.86 40.54 22.64 51.78 41.10 60.91 20.65 71.94 39.71 50.81 23.96 67.66 41.66 71.37 20.98 87.91 39.57 61.08 25.28 83.55 42.21 81.83 21.30 103.88 39.43 71.35 26.60 99.44 42.76 92.28 21.63 119.85 39.28
 
20.00 20.00 20.00 40.00 40.00 20.00 40.00 40.00 33.94 23.31 28.38 43.16 54.99 22.36 52.94 42.72 47.88 26.62 36.76 46.32 69.99 24.71 65.88 45.44 61.83 29.93 45.14 49.48 84.98 27.07 78.82 48.16 75.77 33.24 53.52 52.64 99.97 29.42 91.77 50.88 89.71 36.55 61.90 55.80 114.96 31.78 104.71 53.60
 
20.00 20.00 20.00 40.00 40.00 20.00 40.00 40.00 34.64 20.74 30.23 41.17 55.99 20.55 52.48 40.59 49.29 21.47 40.45 42.33 71.99 21.10 64.96 41.18 63.93 22.21 50.68 43.50 87.98 21.65 77.44 41.78 78.58 22.94 60.90 44.67 103.98 22.20 89.92 42.37 93.22 23.68 71.13 45.83 119.97 22.75 102.40 42.96
 
20.00 20.00 20.00 40.00 40.00 20.00 40.00 40.00 33.94 22.33 28.92 43.03 54.21 22.56 49.51 42.55 47.88 24.66 37.84 46.05 68.41 25.13 59.02 45.10 61.83 27.00 46.76 49.08 82.62 27.69 68.54 47.66 75.77 29.33 55.68 52.11 96.83 30.25 78.05 50.21 89.71 31.66 64.60 55.13 111.03 32.82 87.56 52.76
 
20.00 20.00 20.00 40.00 40.00 20.00 40.00 40.00 34.86 19.82 30.67 39.64 54.95 20.29 50.74 39.91 49.72 19.65 41.34 39.28 69.90 20.58 61.47 39.82 64.58 19.47 52.01 38.92 84.85 20.87 72.21 39.73 79.44 19.30 62.68 38.56 99.80 21.16 82.94 39.64 94.30 19.12 73.35 38.20 114.74 21.46 93.68 39.55
 
20.00 20.00 20.00 40.00 40.00 20.00 40.00 40.00 31.55 20.20 29.04 42.14 51.84 17.45 52.18 38.44 43.10 20.40 38.08 44.28 63.69 14.91 64.37 36.88 54.65 20.60 47.13 46.42 75.53 12.36 76.55 35.31 66.21 20.80 56.17 48.56 87.38 9.82 88.74 33.75 77.76 21.01 65.21 50.69 99.22 7.27 100.92 32.19
 
20.00 20.00 20.00 40.00 40.00 20.00 40.00 40.00 29.89 22.33 29.14 42.77 52.84 17.36 50.81 37.85 39.77 24.67 38.27 45.53 65.68 14.73 61.62 35.71 49.66 27.00 47.41 48.30 78.53 12.09 72.43 33.56 59.55 29.33 56.54 51.06 91.37 9.45 83.25 31.42 69.44 31.67 65.68 53.83 104.21 6.82 94.06 29.27
 
20.00 20.00 20.00 40.00 40.00 20.00 40.00 40.00 32.40 21.20 31.05 41.23 55.00 16.54 53.29 36.70 44.80 22.40 42.11 42.46 69.99 13.08 66.58 33.40 57.20 23.61 53.16 43.68 84.99 9.61 79.87 30.10 69.59 24.81 64.21 44.91 99.99 6.15 93.16 26.79 81.99 26.01 75.26 46.14 114.99 2.69 106.45 23.49
 
20.00 20.00 20.00 40.00 40.00 20.00 40.00 40.00 30.01 22.89 28.80 42.95 51.72 19.29 50.02 39.27 40.02 25.79 37.60 45.89 63.43 18.57 60.03 38.54 50.03 28.68 46.40 48.84 75.15 17.86 70.05 37.81 60.04 31.58 55.20 51.78 86.86 17.15 80.07 37.08 70.04 34.47 64.00 54.73 98.58 16.43 90.08 36.35
 
20.00 20.00 20.00 40.00 40.00 20.00 40.00 40.00 30.12 16.82 28.42 37.75 53.35 18.03 50.39 42.40 40.24 13.64 36.84 35.49 66.70 16.06 60.78 44.79 50.36 10.45 45.27 33.24 80.05 14.09 71.17 47.19 60.48 7.27 53.69 30.99 93.41 12.12 81.57 49.59 70.60 4.09 62.11 28.73 106.76 10.15 91.96 51.98
 
20.00 20.00 20.00 40.00 40.00 20.00 40.00 40.00 33.16 16.23 30.07 38.69 53.28 17.94 50.19 39.20 46.32 12.47 40.13 37.38 66.55 15.89 60.38 38.40 59.48 8.70 50.20 36.07 79.83 13.83 70.57 37.61 72.64 4.94 60.27 34.77 93.11 11.77 80.77 36.81 85.80 1.17 70.33 33.46 106.38 9.72 90.96 36.01
 
20.00 20.00 20.00 40.00 40.00 20.00 40.00 40.00 31.60 18.97 28.12 40.14 52.16 18.26 48.68 38.95 43.20 17.93 36.23 40.29 64.31 16.53 57.35 37.89 54.80 16.90 44.35 40.43 76.47 14.79 66.03 36.84 66.40 15.86 52.46 40.57 88.62 13.06 74.71 35.79 78.00 14.83 60.58 40.72 100.78 11.32 83.38 34.74
 
20.00 20.00 20.00 40.00 40.00 20.00 40.00 40.00 33.75 18.48 28.56 42.23 53.86 17.97 48.34 38.47 47.51 16.97 37.12 44.47 67.72 15.94 56.67 36.94 61.26 15.45 45.67 46.70 81.58 13.90 65.01 35.41 75.02 13.93 54.23 48.94 95.44 11.87 73.35 33.88 88.77 12.42 62.79 51.17 109.31 9.84 81.68 32.34
 
20.00 20.00 20.00 40.00 40.00 20.00 40.00 40.00 35.23 16.68 32.04 37.24 45.68 17.12 48.45 36.80 50.46 13.36 44.09 34.48 51.36 14.24 56.89 33.59 65.69 10.03 56.13 31.72 57.05 11.35 65.34 30.39 80.92 6.71 68.17 28.96 62.73 8.47 73.79 27.19 96.15 3.39 80.22 26.20 68.41 5.59 82.23 23.99
 
20.00 20.00 20.00 40.00 40.00 20.00 40.00 40.00 35.03 21.67 30.65 42.98 55.11 18.37 50.83 43.46 50.06 23.34 41.29 45.96 70.22 16.74 61.66 46.92 65.09 25.01 51.94 48.95 85.33 15.11 72.49 50.37 80.12 26.68 62.59 51.93 100.44 13.48 83.32 53.83 95.16 28.35 73.23 54.91 115.54 11.85 94.15 57.29
 
20.00 20.00 20.00 40.00 40.00 20.00 40.00 40.00 33.15 23.06 33.94 43.13 52.82 18.07 53.37 38.20 46.30 26.11 47.88 46.25 65.64 16.13 66.74 36.40 59.45 29.17 61.82 49.38 78.46 14.20 80.11 34.61 72.59 32.23 75.75 52.51 91.27 12.26 93.47 32.81 85.74 35.29 89.69 55.63 104.09 10.33 106.84 31.01
 
20.00 20.00 20.00 40.00 40.00 20.00 40.00 40.00 33.39 22.68 29.27 43.12 52.97 18.47 49.31 42.95 46.77 25.37 38.55 46.24 65.93 16.94 58.62 45.90 60.16 28.05 47.82 49.37 78.90 15.41 67.93 48.86 73.54 30.74 57.09 52.49 91.86 13.89 77.25 51.81 86.93 33.42 66.37 55.61 104.83 12.36 86.56 54.76
 
20.00 20.00 20.00 40.00 40.00 20.00 40.00 40.00 34.38 16.62 30.54 43.58 55.01 18.61 50.72 41.95 48.77 13.25 41.09 47.15 70.01 17.22 61.45 43.90 63.15 9.87 51.63 50.73 85.02 15.83 72.17 45.85 77.53 6.50 62.18 54.31 100.03 14.43 82.90 47.80 91.92 3.12 72.72 57.89 115.04 13.04 93.62 49.74
 
20.00 20.00 20.00 40.00 40.00 20.00 40.00 40.00 32.25 22.27 29.63 42.88 52.25 19.09 51.13 41.95 44.49 24.55 39.27 45.76 64.50 18.18 62.26 43.91 56.74 26.82 48.90 48.64 76.74 17.27 73.39 45.86 68.98 29.10 58.54 51.51 88.99 16.36 84.53 47.82 81.23 31.37 68.17 54.39 101.24 15.45 95.66 49.77
 
20.00 20.00 20.00 40.00 40.00 20.00 40.00 40.00 32.13 20.75 29.22 40.97 52.27 16.36 50.17 40.54 44.25 21.50 38.44 41.94 64.54 12.73 60.33 41.09 56.38 22.25 47.67 42.92 76.81 9.09 70.50 41.63 68.50 23.01 56.89 43.89 89.08 5.46 80.67 42.17 80.63 23.76 66.11 44.86 101.35 1.82 90.84 42.71
 
20.00 20.00 20.00 40.00 40.00 20.00 40.00 40.00 33.47 21.60 31.07 41.46 53.21 17.50 51.28 41.23 46.94 23.21 42.15 42.93 66.42 15.00 62.56 42.47 60.40 24.81 53.22 44.39 79.63 12.49 73.84 43.70 73.87 26.41 64.30 45.86 92.85 9.99 85.12 44.93 87.34 28.02 75.37 47.32 106.06 7.49 96.40 46.17
 
20.00 20.00 20.00 40.00 40.00 20.00 40.00 40.00 39.95 17.37 30.09 34.64 45.45 22.72 50.98 33.12 59.91 14.74 40.17 29.27 50.90 25.43 61.96 26.24 79.86 12.10 50.26 23.91 56.35 28.15 72.94 19.36 99.82 9.47 60.34 18.54 61.80 30.86 83.92 12.48 119.77 6.84 70.43 13.18 67.25 33.58 94.90 5.61
 
20.00 20.00 20.00 40.00 40.00 20.00 40.00 40.00 31.48 16.32 35.59 39.25 51.46 18.62 55.72 41.72 42.96 12.64 51.17 38.50 62.91 17.24 71.44 43.45 54.44 8.95 66.76 37.75 74.37 15.86 87.16 45.17 65.92 5.27 82.34 37.00 85.83 14.49 102.88 46.89 77.39 1.59 97.93 36.25 97.29 13.11 118.60 48.62
 
20.00 20.00 20.00 40.00 40.00 20.00 40.00 40.00 35.88 17.45 35.04 38.40 55.82 19.21 55.09 39.22 51.75 14.90 50.09 36.81 71.64 18.42 70.18 38.44 67.63 12.35 65.13 35.21 87.46 17.63 85.27 37.66 83.51 9.80 80.17 33.62 103.27 16.84 100.37 36.87 99.38 7.25 95.21 32.02 119.09 16.05 115.46 36.09
 
20.00 20.00 20.00 40.00 40.00 20.00 40.00 40.00 34.92 17.10 33.51 40.07 55.00 16.36 53.40 37.89 49.84 14.19 47.03 40.15 70.00 12.72 66.80 35.77 64.76 11.29 60.54 40.22 84.99 9.09 80.20 33.66 79.68 8.38 74.05 40.30 99.99 5.45 93.60 31.55 94.61 5.48 87.57 40.37 114.99 1.81 107.00 29.44
 
20.00 20.00 20.00 40.00 40.00 20.00 40.00 40.00 35.03 19.50 32.64 42.09 55.20 19.08 52.75 43.41 50.06 18.99 45.29 44.18 70.41 18.16 65.49 46.83 65.09 18.49 57.93 46.26 85.61 17.24 78.24 50.24 80.13 17.99 70.57 48.35 100.82 16.32 90.98 53.65 95.16 17.48 83.21 50.44 116.02 15.40 103.73 57.06
 
20.00 20.00 20.00 40.00 40.00 20.00 40.00 40.00 29.76 21.06 30.91 43.23 49.70 16.34 50.44 37.80 39.52 22.11 41.82 46.46 59.40 12.69 60.87 35.60 49.28 23.17 52.72 49.68 69.09 9.03 71.31 33.41 59.04 24.23 63.63 52.91 78.79 5.37 81.74 31.21 68.80 25.28 74.54 56.14 88.49 1.71 92.18 29.01
 
20.00 20.00 20.00 40.00 40.00 20.00 40.00 40.00 32.14 19.83 34.74 43.80 51.90 16.73 54.13 38.17 44.29 19.66 49.48 47.61 63.81 13.47 68.27 36.35 56.43 19.49 64.22 51.41 75.71 10.20 82.40 34.52 68.57 19.32 78.96 55.22 87.62 6.93 96.53 32.69 80.72 19.15 93.70 59.02 99.52 3.67 110.66 30.86
 
20.00 20.00 20.00 40.00 40.00 20.00 40.00 40.00 32.71 22.77 33.69 43.12 51.95 16.25 52.86 36.26 45.42 25.54 47.38 46.25 63.91 12.51 65.72 32.52 58.13 28.31 61.07 49.37 75.86 8.76 78.59 28.78 70.84 31.08 74.77 52.50 87.82 5.02 91.45 25.04 83.56 33.84 88.46 55.62 99.77 1.27 104.31 21.30
 
