20.00 20.00 20.00 40.00 40.00 20.00 40.00 40.00 29.61 18.06 31.86 39.35 53.36 22.60 55.63 43.03 39.21 16.11 43.73 38.71 66.72 25.20 71.25 46.06 48.82 14.17 55.59 38.06 80.08 27.79 86.88 49.09 58.42 12.22 67.45 37.41 93.43 30.39 102.51 52.11 68.03 10.28 79.32 36.77 106.79 32.99 118.14 55.14
 
20.00 20.00 20.00 40.00 40.00 20.00 40.00 40.00 29.19 22.42 32.78 42.46 50.59 21.88 52.94 42.36 38.39 24.84 45.57 44.92 61.18 23.75 65.89 44.72 47.58 27.26 58.35 47.38 71.78 25.63 78.83 47.08 56.78 29.68 71.14 49.84 82.37 27.50 91.77 49.44 65.97 32.09 83.92 52.30 92.96 29.38 104.72 51.80
 
20.00 20.00 20.00 40.00 40.00 20.00 40.00 40.00 29.56 18.70 34.40 38.90 50.14 18.49 55.27 37.92 39.12 17.41 48.80 37.80 60.28 16.99 70.54 35.84 48.68 16.11 63.20 36.70 70.42 15.48 85.80 33.76 58.24 14.81 77.60 35.59 80.56 13.97 101.07 31.67 67.80 13.52 92.00 34.49 90.70 12.46 116.34 29.59
 
20.00 20.00 20.00 40.00 40.00 20.00 40.00 40.00 35.78 19.54 28.10 38.07 55.81 21.93 48.19 40.51 51.57 19.07 36.20 36.14 71.62 23.86 56.39 41.01 67.35 18.61 44.31 34.21 87.43 25.79 64.58 41.52 83.13 18.14 52.41 32.27 103.24 27.72 72.77 42.02 98.91 17.68 60.51 30.34 119.05 29.65 80.97 42.53
 
20.00 20.00 20.00 40.00 40.00 20.00 40.00 40.00 36.86 16.35 28.02 37.81 55.35 21.82 49.93 42.91 53.73 12.69 36.04 35.62 70.70 23.64 59.85 45.82 70.59 9.04 44.07 33.43 86.05 25.46 69.78 48.74 87.45 5.38 52.09 31.24 101.40 27.27 79.70 51.65 104.31 1.73 60.11 29.05 116.75 29.09 89.63 54.56
 
20.00 20.00 20.00 40.00 40.00 20.00 40.00 40.00 34.67 19.13 29.47 39.66 55.33 19.23 49.66 39.34 49.35 18.26 38.94 39.33 70.66 18.46 59.31 38.68 64.02 17.39 48.40 38.99 86.00 17.70 68.97 38.01 78.69 16.52 57.87 38.65 101.33 16.93 78.62 37.35 93.37 15.65 67.34 38.32 116.66 16.16 88.28 36.69
 
20.00 20.00 20.00 40.00 40.00 20.00 40.00 40.00 33.17 20.50 29.26 40.22 53.75 20.51 50.25 40.40 46.34 21.00 38.53 40.44 67.51 21.02 60.51 40.80 59.51 21.50 47.79 40.66 81.26 21.52 70.76 41.19 72.67 22.00 57.06 40.88 95.01 22.03 81.01 41.59 85.84 22.50 66.32 41.11 108.77 22.54 91.26 41.99
 
20.00 20.00 20.00 40.00 40.00 20.00 40.00 40.00 34.21 16.66 29.21 36.90 54.26 16.84 49.78 36.72 48.43 13.32 38.41 33.80 68.53 13.69 59.57 33.43 62.64 9.99 47.62 30.71 82.79 10.53 69.35 30.15 76.85 6.65 56.83 27.61 97.06 7.37 79.13 26.86 91.07 3.31 66.03 24.51 111.32 4.21 88.92 23.58
 
20.00 20.00 20.00 40.00 40.00 20.00 40.00 40.00 34.31 20.73 30.27 41.20 54.42 16.09 54.77 37.71 48.61 21.46 40.55 42.39 68.83 12.18 69.54 35.42 62.92 22.19 50.82 43.59 83.25 8.27 84.31 33.13 77.23 22.92 61.10 44.79 97.66 4.36 99.08 30.84 91.53 23.65 71.37 45.99 112.08 0.45 113.85 28.55
 
20.00 20.00 20.00 40.00 40.00 20.00 40.00 40.00 35.67 22.16 34.14 42.75 55.57 19.59 55.80 40.41 51.33 24.32 48.28 45.50 71.13 19.18 71.61 40.83 67.00 26.48 62.42 48.25 86.70 18.77 87.41 41.24 82.66 28.64 76.56 51.01 102.26 18.36 103.22 41.65 98.33 30.81 90.69 53.76 117.83 17.95 119.02 42.07
 
20.00 20.00 20.00 40.00 40.00 20.00 40.00 40.00 30.64 21.62 30.60 41.66 52.38 18.44 50.99 38.46 41.28 23.24 41.20 43.32 64.76 16.89 61.99 36.92 51.92 24.85 51.80 44.98 77.14 15.33 72.98 35.38 62.56 26.47 62.41 46.63 89.52 13.78 83.98 33.85 73.19 28.09 73.01 48.29 101.89 12.22 94.97 32.31
 
20.00 20.00 20.00 40.00 40.00 20.00 40.00 40.00 31.07 21.72 30.14 41.76 52.82 18.32 51.10 38.28 42.14 23.44 40.29 43.53 65.64 16.64 62.20 36.56 53.21 25.16 50.43 45.29 78.46 14.96 73.30 34.84 64.27 26.89 60.57 47.05 91.28 13.28 84.39 33.12 75.34 28.61 70.71 48.82 104.10 11.61 95.49 31.40
 
20.00 20.00 20.00 40.00 40.00 20.00 40.00 40.00 30.37 27.60 39.02 38.79 44.42 26.00 55.92 41.82 40.75 35.20 58.04 37.57 48.84 32.00 71.83 43.64 51.12 42.80 77.05 36.36 53.26 38.00 87.75 45.47 61.50 50.39 96.07 35.15 57.68 43.99 103.67 47.29 71.87 57.99 115.09 33.93 62.10 49.99 119.58 49.11
 
20.00 20.00 20.00 40.00 40.00 20.00 40.00 40.00 33.45 16.98 29.29 37.70 54.29 16.09 49.46 37.57 46.90 13.96 38.57 35.40 68.59 12.19 58.92 35.15 60.35 10.95 47.86 33.10 82.88 8.28 68.39 32.72 73.79 7.93 57.15 30.80 97.18 4.37 77.85 30.29 87.24 4.91 66.43 28.50 111.47 0.47 87.31 27.87
 
20.00 20.00 20.00 40.00 40.00 20.00 40.00 40.00 35.13 21.35 30.86 42.72 55.36 21.06 51.45 41.38 50.25 22.70 41.73 45.44 70.71 22.12 62.91 42.76 65.38 24.05 52.59 48.16 86.07 23.18 74.36 44.14 80.50 25.41 63.45 50.88 101.43 24.25 85.81 45.52 95.63 26.76 74.32 53.59 116.79 25.31 97.27 46.90
 
20.00 20.00 20.00 40.00 40.00 20.00 40.00 40.00 34.55 20.25 29.13 43.05 54.67 20.17 49.29 40.49 49.10 20.51 38.26 46.10 69.33 20.34 58.57 40.99 63.65 20.76 47.39 49.16 84.00 20.51 67.86 41.48 78.20 21.01 56.52 52.21 98.66 20.67 77.14 41.98 92.75 21.26 65.65 55.26 113.33 20.84 86.43 42.47
 
20.00 20.00 20.00 40.00 40.00 20.00 40.00 40.00 34.71 21.88 32.82 42.74 55.41 20.48 53.28 41.93 49.41 23.77 45.64 45.47 70.82 20.96 66.56 43.86 64.12 25.65 58.46 48.21 86.22 21.44 79.84 45.79 78.82 27.54 71.28 50.95 101.63 21.92 93.12 47.72 93.53 29.42 84.10 53.68 117.04 22.40 106.40 49.65
 
20.00 20.00 20.00 40.00 40.00 20.00 40.00 40.00 32.85 17.08 28.95 39.98 53.01 17.05 49.53 37.31 45.70 14.16 37.89 39.97 66.02 14.09 59.07 34.61 58.55 11.23 46.84 39.95 79.03 11.14 68.60 31.92 71.40 8.31 55.79 39.94 92.04 8.19 78.14 29.23 84.25 5.39 64.74 39.92 105.05 5.23 87.67 26.54
 
20.00 20.00 20.00 40.00 40.00 20.00 40.00 40.00 33.41 19.99 31.25 41.14 53.58 18.91 51.30 39.67 46.81 19.98 42.50 42.29 67.16 17.82 62.60 39.34 60.22 19.97 53.75 43.43 80.74 16.73 73.89 39.00 73.62 19.96 65.00 44.58 94.32 15.64 85.19 38.67 87.03 19.95 76.25 45.72 107.90 14.55 96.49 38.34
 
20.00 20.00 20.00 40.00 40.00 20.00 40.00 40.00 36.17 21.69 31.18 42.60 55.58 16.69 51.17 41.77 52.35 23.38 42.37 45.20 71.16 13.39 62.33 43.55 68.52 25.07 53.55 47.80 86.74 10.08 73.50 45.32 84.69 26.77 64.74 50.40 102.31 6.78 84.67 47.10 100.86 28.46 75.92 53.00 117.89 3.47 95.84 48.87
 
20.00 20.00 20.00 40.00 40.00 20.00 40.00 40.00 30.31 21.72 28.50 43.61 52.57 18.18 50.64 39.22 40.62 23.45 37.01 47.22 65.14 16.37 61.27 38.44 50.93 25.17 45.51 50.83 77.72 14.55 71.91 37.66 61.24 26.90 54.01 54.44 90.29 12.74 82.55 36.88 71.55 28.62 62.51 58.05 102.86 10.92 93.18 36.10
 
20.00 20.00 20.00 40.00 40.00 20.00 40.00 40.00 33.09 20.71 31.30 43.17 53.57 19.79 52.05 39.76 46.18 21.41 42.61 46.34 67.13 19.58 64.10 39.52 59.27 22.12 53.91 49.51 80.70 19.37 76.14 39.27 72.35 22.83 65.21 52.68 94.27 19.16 88.19 39.03 85.44 23.54 76.52 55.85 107.83 18.95 100.24 38.79
 
20.00 20.00 20.00 40.00 40.00 20.00 40.00 40.00 29.94 22.08 28.91 42.37 52.59 17.19 50.73 37.24 39.88 24.17 37.82 44.74 65.17 14.39 61.47 34.48 49.82 26.25 46.73 47.11 77.76 11.58 72.20 31.72 59.76 28.34 55.63 49.48 90.34 8.77 82.94 28.96 69.70 30.42 64.54 51.85 102.93 5.96 93.67 26.20
 
20.00 20.00 20.00 40.00 40.00 20.00 40.00 40.00 34.28 20.97 31.67 41.06 53.88 16.91 51.76 40.74 48.56 21.95 43.34 42.12 67.77 13.82 63.53 41.47 62.84 22.92 55.01 43.18 81.65 10.73 75.29 42.21 77.12 23.89 66.68 44.24 95.54 7.64 87.05 42.95 91.40 24.87 78.35 45.30 109.42 4.55 98.81 43.69
 
20.00 20.00 20.00 40.00 40.00 20.00 40.00 40.00 38.67 25.33 35.03 38.59 44.47 21.37 45.20 40.24 57.35 30.65 50.06 37.18 48.93 22.73 50.39 40.49 76.02 35.98 65.09 35.77 53.40 24.10 55.59 40.73 94.70 41.30 80.12 34.36 57.86 25.46 60.78 40.98 113.37 46.63 95.15 32.95 62.33 26.83 65.98 41.22
 
20.00 20.00 20.00 40.00 40.00 20.00 40.00 40.00 33.01 19.53 31.91 40.40 52.95 21.26 52.04 41.38 46.01 19.07 43.81 40.79 65.89 22.52 64.08 42.76 59.02 18.60 55.72 41.19 78.84 23.78 76.12 44.14 72.03 18.14 67.62 41.59 91.78 25.04 88.16 45.52 85.04 17.67 79.53 41.98 104.73 26.30 100.20 46.90
 
20.00 20.00 20.00 40.00 40.00 20.00 40.00 40.00 33.92 21.88 35.30 42.07 53.63 17.39 55.05 37.40 47.83 23.76 50.60 44.15 67.26 14.77 70.10 34.81 61.75 25.64 65.89 46.22 80.89 12.16 85.15 32.21 75.66 27.52 81.19 48.29 94.52 9.54 100.20 29.62 89.58 29.40 96.49 50.37 108.15 6.93 115.25 27.02
 
20.00 20.00 20.00 40.00 40.00 20.00 40.00 40.00 33.60 22.98 34.97 43.76 53.21 16.47 53.66 36.49 47.21 25.96 49.94 47.51 66.42 12.94 67.32 32.98 60.81 28.94 64.92 51.27 79.63 9.41 80.99 29.48 74.42 31.91 79.89 55.03 92.84 5.88 94.65 25.97 88.02 34.89 94.86 58.78 106.05 2.35 108.31 22.46
 
20.00 20.00 20.00 40.00 40.00 20.00 40.00 40.00 34.81 16.61 29.34 37.04 55.45 18.05 50.07 43.73 49.63 13.23 38.68 34.09 70.90 16.10 60.14 47.46 64.44 9.84 48.02 31.13 86.36 14.15 70.21 51.19 79.25 6.46 57.36 28.17 101.81 12.20 80.28 54.92 94.06 3.07 66.70 25.21 117.26 10.24 90.35 58.65
 
20.00 20.00 20.00 40.00 40.00 20.00 40.00 40.00 35.62 19.94 39.30 35.22 55.22 23.90 54.26 34.16 51.24 19.87 58.61 30.43 70.44 27.80 68.51 28.31 66.86 19.81 77.91 25.65 85.66 31.70 82.77 22.47 82.48 19.74 97.22 20.86 100.88 35.60 97.03 16.63 98.11 19.68 116.52 16.08 116.10 39.50 111.28 10.78
 
20.00 20.00 20.00 40.00 40.00 20.00 40.00 40.00 34.82 23.88 36.19 43.84 54.05 16.06 54.91 36.39 49.63 27.77 52.37 47.69 68.09 12.12 69.83 32.77 64.45 31.65 68.56 51.53 82.14 8.18 84.74 29.16 79.27 35.53 84.75 55.37 96.19 4.24 99.66 25.55 94.08 39.42 100.93 59.21 110.24 0.30 114.57 21.94
 
20.00 20.00 20.00 40.00 40.00 20.00 40.00 40.00 31.80 23.49 33.10 43.58 50.52 16.11 52.26 37.60 43.60 26.99 46.20 47.16 61.04 12.22 64.52 35.20 55.40 30.48 59.30 50.74 71.57 8.33 76.78 32.80 67.20 33.98 72.40 54.32 82.09 4.44 89.05 30.41 78.99 37.47 85.50 57.90 92.61 0.55 101.31 28.01
 
