=== Epoch 1 ===
gen	avg	max	min	std
0	12618216.8421	59281497.8855	215719.9512	10685697.1561
1	17291083.5880	60839943.3707	362977.1494	12209290.2257
2	23709204.3380	63814891.1447	1564711.5719	12031218.6605
3	28715064.6581	70735701.3371	537928.0217	14177138.5089
4	31433853.3895	70735701.3371	780170.8692	14737450.7064
5	33347255.5891	70735701.3371	1140755.9938	16466333.8723
6	36786313.3838	75102145.0757	2265314.2933	18288846.2687
7	45068210.2121	75102145.0757	1299242.7756	19228229.6084
8	46290844.4911	77903964.0699	1118791.4695	21707018.0402
9	51693975.0780	77903964.0699	1058300.2521	21889172.5615
10	56906834.7481	93497621.0567	462934.1582	22072903.9728
11	61724794.3676	93497621.0567	486811.3564	22466143.1178
12	67329837.7851	115303060.7256	3352795.6997	21993123.1012
13	61101640.3823	115303060.7256	310438.1194	32980376.2461
14	71572595.5558	118040193.0120	821688.2718	30663010.4339
15	81582123.9696	118040193.0120	657129.8747	29586221.7646
16	79863654.1182	118040193.0120	799198.1914	39365817.9770
17	88542408.1522	118040193.0120	1972628.9952	35764589.1920
18	91588245.5309	118040193.0120	1277352.0067	39341583.0095
19	98725675.7723	118040193.0120	891521.7374	34264401.3769
20	97204603.6533	118040193.0120	1129146.1117	36728323.4648
21	90733172.3195	118040193.0120	431115.3247	43026891.5926
22	100113402.2655	119181806.3933	1421692.6390	33199688.7789
23	101354312.4949	119181806.3933	644168.6634	34519133.0852
24	98710065.6650	147906345.2148	1672657.2793	39082673.6342
25	103657290.0078	147906345.2148	1421318.2940	40589317.0532
26	106235318.1190	147906345.2148	2035993.4842	43920459.5969
27	113063871.2420	147906345.2148	98182.8198	47758730.5824
28	123917744.2194	147906345.2148	1788658.3125	43998816.8183
29	122302417.8768	147906345.2148	995665.1310	51397763.8996
30	131037284.9608	147906345.2148	1068946.7601	41158869.9065
31	127166665.4095	147906345.2148	1205280.1565	46500993.9184
32	119401792.4500	147906345.2148	122632.8816	51844693.6248
33	121115582.8232	147906345.2148	1101899.0027	51181914.2455
34	125382846.4438	148312642.3164	1221109.3004	46148293.1565
35	127641944.1300	148312642.3164	1118332.2876	44325550.1605
36	121866706.2865	148312642.3164	567943.7923	50051004.5710
37	122524611.0699	148312642.3164	2281005.0322	48731962.3497
38	112081324.1671	148312642.3164	1526030.7961	57209675.0527
39	127954976.0563	148312642.3164	221915.4642	45879452.2988
40	116741422.1474	148312642.3164	476472.2625	52764931.4410
41	115283312.1687	151797005.5449	2153179.8407	52190803.3002
42	131719303.2152	148312642.3164	2669982.8303	40313488.4723
43	129162360.5992	148312642.3164	517888.8440	43504181.6654
44	128909181.9042	148312642.3164	2170591.0873	44427333.1476
45	129995542.6337	148312642.3164	2576053.8325	42542043.6739
46	134963723.9503	148312642.3164	692701.1867	37313902.1190
47	124516640.3534	148312642.3164	1951907.6347	44875934.7864
48	122233287.4796	151696172.7385	1005640.2415	48037576.9288
49	121401739.3836	151696172.7385	1437945.4290	49396598.8963
50	118967719.8022	151696172.7385	1755258.1683	50494529.9435
51	124949047.2419	151696172.7385	911944.8606	49119535.9016
52	121795379.8856	151696172.7385	923849.7633	49742941.4975
53	122840502.0869	151923420.7195	224632.5802	50651012.8668
54	125249966.3858	151923420.7195	1048079.8726	49376145.7749
55	127964887.8233	151923420.7195	1863862.6304	48773714.9865
56	124107987.3503	151923420.7195	2028205.0191	51531081.4908
57	123249220.7499	151923420.7195	116604.0578	52300393.2593
58	133090107.7572	151923420.7195	2946901.4651	43192879.7693
59	121781533.3291	186443401.0475	129930.3495	54656749.9866
60	129465628.6878	186443401.0475	2671389.6747	47831313.0717
61	129530166.8499	186443401.0475	543818.9077	52193353.3814
62	135970774.5704	186443401.0475	2777378.4697	51764058.3082
63	141924705.0697	186443401.0475	1138656.6588	58219384.3866
64	154987835.7553	186443401.0475	410136.7836	54579045.5503
65	155997796.2516	186443401.0475	2406599.5335	61690440.0213
66	137029991.6922	186443401.0475	642871.7292	73828508.5936
67	160775840.5522	186443401.0475	669811.3477	55601670.7808
68	148092034.4470	186443401.0475	508218.7530	69583760.0738
69	153663688.5379	186443401.0475	260525.7418	63103800.8385
70	167237078.1154	186443401.0475	1181162.1883	50276382.5145
71	149744324.5909	186443401.0475	1833549.1278	68972826.3141
72	153168092.9040	186443401.0475	10271.3282	60154157.7875
73	154293215.6654	186443401.0475	709591.5111	59599210.4190
74	148591288.7110	186443401.0475	1800067.6062	67591123.7473
75	154450621.5424	186443401.0475	554340.3467	63318235.9471
76	144805304.3146	186443401.0475	970604.3933	69671166.6584
77	150241196.0949	186443401.0475	2492113.0174	65409607.7801
78	160453408.2648	186443401.0475	129577.4906	55849881.5557
79	148854614.5259	186443401.0475	2768360.9339	70477577.9808
80	148831808.9006	186443401.0475	669243.2567	67248257.7791
81	161360755.6520	186443401.0475	2147503.4479	55734493.1637
82	154299055.6496	186443401.0475	1235282.4676	63137256.0912
83	154148797.9806	186443401.0475	2941026.8086	60955949.8275
84	149811791.1270	186443401.0475	4115351.6416	65314662.1619
85	156901666.9327	215446720.0491	1944525.5038	59463564.1336
86	150340952.8481	215446720.0491	1403292.8268	67567842.2953
87	158184705.8330	215446720.0491	3269739.2242	56285129.4435
88	157459332.8743	215446720.0491	3585367.1907	62573237.2096
89	151670341.4019	215446720.0491	1387960.9240	69951760.8282
90	154835703.0352	215446720.0491	2449316.3294	71435048.0436
91	161610137.7238	215446720.0491	2615582.2021	71419130.2706
92	161261143.1661	215446720.0491	2383985.1958	79356076.6969
93	181215140.3863	215446720.0491	1166949.2552	67029029.5589
94	172349331.7969	215446720.0491	1704092.0457	76198121.2422
95	175734269.5255	215446720.0491	363849.7877	75240539.7120
96	168049529.0185	215446720.0491	628772.3872	80428593.7947
97	183651685.1233	215446720.0491	988790.1203	67424002.0561
98	176285597.3152	215446720.0491	388124.8957	74066090.1601
99	168993519.8024	215446720.0491	493534.9711	78600514.0899
=== Epoch 1 ===
gen	avg	max	min	std
0	12236005.3125	42924136.9552	357638.1224	11964931.4320
1	19555748.7406	42924136.9552	1554381.2439	12494527.6374
2	25772193.1874	58747358.1239	483761.2658	14619578.1303
3	31994546.2884	71766776.7106	2200949.5692	13278231.1788
4	35980358.8862	71766776.7106	1940502.6378	16495767.1711
5	41071214.4069	71766776.7106	2318485.7519	18115113.7355
6	46686273.2773	80016607.2503	2321376.3735	16943186.1106
7	48133971.0843	87169705.0732	2979791.7050	20669948.6885
8	59367814.2186	87169705.0732	1894702.7335	16142369.9276
9	64159471.9608	87169705.0732	317696.9044	20908691.6856
10	66478164.9905	87169705.0732	551374.9834	22804748.7158
11	68630085.5038	87169705.0732	474636.3218	26947075.5128
12	73389902.0763	87169705.0732	3876570.3737	25739709.8550
13	74618384.1750	87169705.0732	1307328.5520	26424824.8809
14	73803783.3109	87169705.0732	2091358.9948	26827465.6272
15	75811766.4549	87169705.0732	1470495.7163	24650262.8374
16	71370953.0847	87169705.0732	347618.3336	27629488.2348
17	72415349.6848	111554787.9584	864594.8733	28938508.5883
18	77905372.8906	111554787.9584	2764764.8687	25892457.4139
19	79794024.8483	111554787.9584	6029760.2685	30424384.4753
20	81185621.6414	111554787.9584	1130487.2647	34353886.8830
21	92255770.9360	111554787.9584	1210716.4711	33213447.6644
22	95799537.0288	111554787.9584	3294065.5130	32904993.1991
23	91497700.5837	111554787.9584	660090.7717	39367332.8729
24	94782958.3457	111554787.9584	991195.1853	33284345.1370
25	96502884.1550	117869709.1186	4301330.2237	31099770.8101
26	83515724.1022	117869709.1186	741193.0171	41585434.4247
27	90073069.0523	117869709.1186	859338.6061	37743239.0113
28	103945316.8670	117869709.1186	14727746.0183	24042268.2507
29	97285600.1190	117869709.1186	3732972.0762	35715651.9665
30	98437434.8342	117869709.1186	3871146.1641	37103913.2416
31	92458502.1849	117869709.1186	6979075.4121	41100482.4753
32	93048006.5045	117869709.1186	642330.9156	43057929.6515
33	87531256.3038	117869709.1186	623007.1128	46055753.3570
34	90919827.9829	117869709.1186	2354470.4795	44235607.3710
35	101085335.0808	117869709.1186	1095193.8780	36135990.3311
36	101041841.8268	117869709.1186	3214443.6868	35202444.0026
37	92218764.5942	117869709.1186	3151759.7184	42596076.8795
38	96930859.8245	117869709.1186	9914998.9598	38154916.8421
39	96311986.8540	117869709.1186	795278.0691	40767252.2859
40	86681156.5518	117869709.1186	2516830.3914	44135303.6889
41	106620475.5894	117869709.1186	944234.6826	31382722.8903
42	103048866.9934	117869709.1186	486761.9428	35905591.2427
43	100501520.0420	117869709.1186	1179063.4332	34480602.2076
44	105856459.2337	117869709.1186	866778.0650	29917556.4598
45	101817986.5496	117869709.1186	9783552.8867	32691219.6816
46	104253755.3207	117869709.1186	1710753.5274	35021005.9269
47	95898998.2176	117869709.1186	7549261.8870	39861096.7381
48	87236507.9715	117869709.1186	1453680.3746	45453924.3686
49	92395359.6642	117869709.1186	831390.1435	42544551.6485
=== Epoch 1 ===
gen	avg	max	min	std
0	11401533.3658	42706808.9212	210976.4796	10007219.1298
1	17966170.6012	38250143.8440	683869.4811	10743008.7918
2	22484554.3229	38250143.8440	465066.0653	10843062.5666
3	27666079.3495	42205347.1062	2181317.8417	9752876.9564
4	31257517.2874	52408600.1390	3559796.8729	11099154.7114
5	32703970.5631	49809032.3337	1273418.5525	11824738.4109
6	33277955.2334	50585179.2986	290542.8845	11573232.7524
7	37553339.8349	54756226.4044	2002408.4681	10111889.5847
8	39651208.8874	54756226.4044	4461015.6596	12183644.4665
9	41679461.9870	64667403.2338	2414263.9064	13333389.8080
10	45382797.1181	67699226.0006	1434678.7053	14632492.1811
11	45534690.5260	67699226.0006	650771.2006	18228847.9415
12	50620036.0262	70629813.0063	2410284.5800	14858609.7741
13	55111087.3271	78698023.2973	1588020.9255	17081472.3992
14	56235080.3463	78698023.2973	1121601.0078	21345330.5059
15	57744329.5563	78698023.2973	6231057.4712	17727951.1221
16	63237234.4217	78698023.2973	4636874.5985	14897946.3734
17	56335223.4053	78698023.2973	2199102.9966	24727723.4987
18	61394505.6733	78698023.2973	3030721.7698	21087472.4850
19	68161173.1192	78698023.2973	978516.6817	17956018.6621
20	67838861.4156	78698023.2973	1664849.6419	22132423.3266
21	64843558.3284	78698023.2973	4203666.1847	24481615.0682
22	70788938.1220	92186415.4107	4931547.7642	19103199.9612
23	66975485.6378	78698023.2973	917429.3495	23660071.6089
24	65418263.3744	78698023.2973	488569.1330	26418816.1205
25	65780864.6211	78698023.2973	3501174.2362	24747425.9234
26	69249229.8462	78698023.2973	4743525.9612	22033754.4380
27	66120196.0566	78698023.2973	3425172.0671	22833500.9974
28	69361023.4466	90852467.5435	6894329.3697	18746606.9769
29	66799493.7549	90852467.5435	3208829.5344	24380147.1848
30	67739428.6464	90852467.5435	1034093.5567	23128179.1827
31	72737831.4400	90852467.5435	698855.4099	19709929.6476
32	70864872.3122	90852467.5435	5654753.3124	22585717.8291
33	68782756.3647	90852467.5435	1055511.1311	26808942.7918
34	78656883.6641	90852467.5435	17714031.2079	17197862.7021
35	71809795.3867	90852467.5435	464572.4940	31476231.5214
36	71299664.9114	90852467.5435	588080.9813	31486576.6728
37	77349517.2513	90852467.5435	4133581.6654	25646720.2229
38	77513342.5320	90852467.5435	807537.2362	28330174.1375
39	80012617.6481	90852467.5435	4424096.0575	24572077.7840
40	80367183.6927	90852467.5435	1006724.3163	22065568.3083
41	76071027.1290	90852467.5435	5707287.1968	29559790.3678
42	71472646.3793	90852467.5435	1701976.7592	33003535.7422
43	74572651.7040	90852467.5435	2270010.3648	31420652.8059
44	75999280.8077	90852467.5435	1461209.1502	28655518.4415
45	81736496.8576	90852467.5435	4793429.3783	23274912.8835
46	78498081.0683	90852467.5435	3686288.4653	26731695.6707
47	77983311.0446	90852467.5435	4548859.8301	27605651.2958
48	76299975.6243	90852467.5435	793084.0430	27314749.9111
49	82335442.9714	90852467.5435	10924365.3049	20524966.6705
=== Epoch 1 ===
gen	avg	max	min	std
0	22214180.9815	61494368.6031	6166645.6265	10332221.6218
1	28649052.6576	62648980.5937	3384425.8769	12532819.6414
2	35674080.3599	62648980.5937	8738293.8533	14638004.2842
3	40251596.7317	66531732.1837	10455550.5805	14592590.9682
4	50665234.9524	66531732.1837	14127594.0081	14808114.7515
5	57718996.4501	81844025.4302	24533384.1500	12551041.7273
6	57565426.3246	81844025.4302	15581116.0080	16070495.7285
7	59366981.1897	81844025.4302	4727663.1450	16913379.1322
8	65012569.8708	101688479.0590	28811099.1618	13405056.6736
9	68535004.8648	106056011.6795	8742333.1791	17425152.2145
10	71257620.1768	106056011.6795	8016812.1078	19261848.3815
11	79887307.1411	122612430.8639	6153684.6462	19438676.8985
12	72416460.3762	127994857.0876	6587918.4024	33788341.3244
13	84821521.9237	135852039.9671	6078297.0691	31786069.3614
14	86062475.3970	135852039.9671	6706450.2626	36322310.4929
15	94080400.5037	135852039.9671	12366265.6219	34348723.7925
16	100348678.4726	135852039.9671	14352083.3734	34423634.1594
17	109850465.1220	135852039.9671	7315211.8755	37115394.3249
18	117502639.0404	135852039.9671	14527212.4661	31675336.1449
19	120501106.5102	135852039.9671	8396708.6099	29965161.9854
20	120857097.8034	135852039.9671	12204283.0944	33991432.6092
21	104878221.2801	135852039.9671	5369809.6436	46464731.9190
22	107193892.6400	135852039.9671	18425428.3637	43967773.4966
23	119382964.7885	135852039.9671	14856594.2340	33714706.9584
24	118721770.6359	135852039.9671	12084694.4625	36650573.5101
25	116499544.0191	135852039.9671	15430605.6832	39294080.9626
26	110983676.9163	135852039.9671	16727238.9735	41327479.3067
27	103948206.2703	135852039.9671	8072691.2325	46833128.9941
28	113955207.6751	135852039.9671	6776429.3824	42025885.3663
29	119097465.5173	135852039.9671	26698087.8461	35589943.9527
30	119899321.2854	135852039.9671	8132139.5627	34064725.0608
31	124710116.3424	135852039.9671	6306783.5515	28143946.1780
32	113115230.2252	135852039.9671	7971939.6362	41229981.0899
33	115233448.1881	135852039.9671	24211538.5418	34873957.8977
34	123572881.5197	135852039.9671	15779155.5444	32865816.4711
35	115912921.6679	135852039.9671	10707826.8653	38706681.9446
36	111799050.8995	135852039.9671	13370620.4740	39472148.0807
37	113150117.9161	135852039.9671	9921338.6755	39263415.7109
38	109543330.8585	135852039.9671	14303638.6074	43429747.6279
39	116750547.8245	135852039.9671	8960999.8393	39237175.7714
40	110459153.2345	135852039.9671	5712317.7151	40347320.9228
41	108189597.1594	135852039.9671	7712146.5096	43351394.2835
42	120105777.1474	135852039.9671	13404961.8129	33628585.7912
43	116381184.8099	135852039.9671	10096738.6006	40378613.0219
44	123620276.6927	135852039.9671	13166124.8430	33759103.9657
45	116365962.6663	135852039.9671	14557892.5147	37953535.6413
46	109719955.7930	135852039.9671	3343150.2901	42730257.8516
47	116632910.9936	135852039.9671	17193634.1434	37020779.3632
48	119971867.6810	135852039.9671	25151639.3765	32121359.2537
49	125712799.7306	135852039.9671	12957424.2269	28602439.2444
=== Epoch 1 ===
gen	avg	max	min	std
0	10555089.0489	35129654.1784	1203362.0208	8181018.2934
1	14688062.3714	35129654.1784	2166245.2852	8829709.8782
2	23882823.1485	48074172.9840	4938452.4091	11384992.2623
3	27250721.9918	56180043.9370	3910401.9768	11715821.4460
4	30225010.4465	56180043.9370	2106933.1654	12968303.1453
5	33970832.1968	56180043.9370	3320540.8520	13691491.0826
6	41636155.0945	56180043.9370	6967242.4997	10647568.7418
7	43972432.7346	61761297.6578	2545198.0908	12991251.7167
8	46180750.3916	61761297.6578	2195382.4618	14609125.8661
9	48961430.3764	61761297.6578	2805238.5901	14376046.0241
10	50765140.8090	62043896.5798	4205107.3187	13576138.7750
11	49796816.3642	62043896.5798	3850387.6193	15385672.5295
12	54636007.6675	69797684.5291	2149912.3750	10510373.8827
13	55144878.7976	73562859.1079	2803989.0522	15043951.6770
14	55458661.5052	73674433.3533	3626884.8820	17561194.8912
15	51564285.8400	73674433.3533	3015147.9103	22602804.2541
16	61248286.9753	90263191.8288	8999699.5186	16197074.6592
17	64154110.3265	90263191.8288	1966335.8473	16588693.4076
18	68919031.5617	90547566.9997	3409571.7044	18635077.1365
19	64832108.9840	90263191.8288	2900396.9915	27562206.0614
20	71141065.4065	94447761.6214	4982044.6786	24164196.5733
21	76234235.5687	94447761.6214	2430309.0637	29020327.3414
22	76546641.5242	94447761.6214	2136874.8362	28931879.7516
23	76457205.0278	94447761.6214	4293380.8457	29287467.2284
24	72138002.1853	94447761.6214	2922481.8452	31049933.5305
25	82372416.0357	94447761.6214	1451864.5106	29005891.0221
26	74525599.9582	94447761.6214	1869915.8962	31140847.2809
27	80136941.1891	94447761.6214	5084065.1250	28414609.5651
28	76963326.2695	94447761.6214	2072632.8641	30986072.9186
29	83159636.7614	98781266.2337	7088241.2926	25053631.7997
30	78862896.9004	98781266.2337	1929486.0246	28674928.7449
31	78797462.0113	98781266.2337	2500844.8006	32002317.4616
32	80269447.8658	98781266.2337	5998313.8395	31928977.2817
33	87608718.6271	98781266.2337	6223416.3350	26079035.5585
34	80767439.8847	98781266.2337	4429126.1820	32793316.2648
35	81956599.9548	142015774.9496	2074409.0305	33181593.9683
36	87469423.1012	142015774.9496	1271386.4232	32036925.1716
37	87140543.8830	142015774.9496	3417983.1233	35124765.8007
38	94147874.1071	142015774.9496	4539983.6333	36702656.4586
39	100896848.1287	152941630.4719	3463854.4040	45092301.8531
40	104034919.0157	152941630.4719	2341108.2929	50653049.9572
41	114576104.2666	152941630.4719	5970267.9076	51357278.9381
42	130080759.5516	152941630.4719	7735570.9286	39482683.2721
43	119424596.4216	152941630.4719	1222381.1785	50855417.0550
44	121570238.9889	160857620.3640	2015282.4022	55769777.8661
45	132570397.8729	160857620.3640	10579609.7257	45082863.1521
46	118756381.8389	160857620.3640	3325132.4872	56683160.9448
47	131582218.9502	160857620.3640	6329701.3672	46676635.9189
48	119500803.6511	160857620.3640	1697217.2780	59066989.7492
49	124394045.0917	160857620.3640	2120013.2564	58899779.3015
=== Epoch 1 ===
gen	avg	max	min	std
0	12373845.9913	35350198.1015	4355856.3059	8195000.1505
1	16985428.1865	35165205.3429	3318661.6926	9477142.2022
2	24367115.2897	36704430.9386	4206334.9587	9947086.6097
3	29925124.6963	39125159.3690	14639505.2807	6900177.9280
4	32334069.0137	39125159.3690	6765572.8859	6958836.4616
5	33592291.4107	43526759.8294	13760438.2431	6316445.4323
6	36067571.9775	47860469.8585	10602394.5151	6545805.8773
7	34509206.4054	78505814.7555	4533564.6072	13844540.7332
8	37514329.7913	69085854.8320	10185155.6072	12425720.7221
9	42665749.7468	88820183.1599	15056009.5067	12196042.2086
10	45678901.6186	88820183.1599	9387895.6004	11318999.1244
11	47980489.6823	88820183.1599	3912692.2365	16319027.5486
12	47201413.9764	88820183.1599	3910688.6694	20942777.4134
13	53298931.5779	88820183.1599	2866098.2357	25827042.1917
14	62170981.2964	88820183.1599	4633247.9607	25849783.4297
15	70189669.3597	88820183.1599	8142436.8396	27642839.3349
16	77010503.6155	88820183.1599	1515090.6753	22489704.0700
17	75804973.3067	88820183.1599	4728420.1975	26454695.4002
18	77137515.1513	88820183.1599	5481401.3450	24237932.0529
19	80809098.9145	88820183.1599	9081641.1537	20797428.8830
20	76375132.4065	88820183.1599	6119225.8106	23885282.7198
21	74109896.1475	88820183.1599	3280025.7758	25364009.4764
22	72945019.8960	88820183.1599	4730060.0077	27284491.0543
23	74665464.3118	88820183.1599	6144943.6120	26838424.9011
24	77742984.6414	88820183.1599	2924588.0193	23430168.8071
25	76480488.5690	88820183.1599	6494698.6183	24886071.0102
26	80797263.6119	90982299.7235	6120912.3538	20108242.5250
27	74501211.9924	90982299.7235	3883688.6989	28207232.6679
28	78558598.4513	90982299.7235	8311592.8303	24841690.4852
29	82237655.3948	90982299.7235	13138147.7361	18770441.8251
30	72018527.2476	90982299.7235	5603444.4452	32170953.0126
31	77827545.1095	90982299.7235	3462613.3423	25916167.0601
32	81242421.9240	90982299.7235	7360260.9844	24150529.1239
33	75912507.8524	90982299.7235	5884302.4868	26990116.3512
34	77201326.4885	90982299.7235	8469212.7069	24797726.6430
35	72032065.1265	90982299.7235	6229049.3509	31723388.4716
36	79871778.1388	90982299.7235	2142427.0864	25875876.7701
