=== Epoch 1 ===
gen	avg	max	min	std
0	16875511.9727	99605566.3883	355256.5013	17219320.4076
1	26253939.9781	69828823.4314	322026.2746	16971477.6101
2	31364361.6357	69828823.4314	87531.6067	18703803.1896
3	37772405.0845	157538271.0907	588558.2818	24472737.4302
4	39674817.0199	157538271.0907	40982.5962	26537931.3473
5	47106999.1817	181707378.9516	521631.1322	32094237.6983
6	50614899.9124	181707378.9516	657619.9666	40359822.4504
7	65978070.3359	181707378.9516	555390.6220	56247746.1050
8	84511007.7980	181707378.9516	710242.8148	63878426.5673
9	103896560.7979	181707378.9516	105169.9503	71540095.0628
10	125615341.6300	181707378.9516	342006.7317	70817913.6024
11	138574618.3901	181707378.9516	118293.7051	72848275.0197
12	139054895.7918	181707378.9516	523801.5829	72892423.8557
13	147597658.9725	181707378.9516	3064.8620	66935447.3272
14	144861932.4189	181707378.9516	245052.5520	68622159.4591
15	147541998.0609	181707378.9516	152809.6438	65329117.4195
16	151399600.6366	181707378.9516	293598.3586	63032059.1719
17	140388120.1079	181707378.9516	532159.2235	72408195.1793
18	128229559.7213	181707378.9516	154419.6104	77109709.9340
19	133940721.3246	181707378.9516	502519.6628	75403085.0834
20	145069963.2887	181707378.9516	121017.0650	69965778.9391
21	145285726.9411	181707378.9516	193501.4099	68824963.6678
22	142413213.5062	239115683.0394	509272.4192	72205187.2997
23	148553876.4794	239115683.0394	586726.8414	70601347.9790
24	140740564.7735	239115683.0394	7169.0273	79195875.0882
25	137047756.8334	239115683.0394	156751.7279	87202548.5893
26	159079369.3842	239115683.0394	4728.1335	83771135.0053
27	175655237.6516	379168939.0568	197330.0075	88253232.2288
28	169465215.1943	379168939.0568	373109.2425	103857240.7483
29	201028095.3612	379168939.0568	968023.1544	99060612.3823
30	204495323.9986	379168939.0568	599453.1334	121314361.3469
31	198289216.8261	379168939.0568	558167.7156	136641759.1836
32	226064188.3659	464747344.0348	407279.7964	147475596.3544
33	289502472.6878	464747344.0348	561014.8338	139401218.6996
34	321662408.7509	464747344.0348	639581.8784	137273484.6988
35	339509370.7178	464747344.0348	703114.8674	156218732.5327
36	350820355.9331	464747344.0348	462349.8751	164800911.4156
37	340356926.6442	464747344.0348	608051.4077	187227068.4175
38	371874513.6166	464747344.0348	187694.4919	180136515.0246
39	385331620.0850	464747344.0348	2108955.8136	165708542.2062
40	381832954.5560	464747344.0348	235813.3831	165965244.3674
41	367790080.5237	464747344.0348	977164.3277	183287165.0806
42	380229987.8702	464747344.0348	510853.9327	171671354.4351
43	350143376.6013	464747344.0348	811849.5892	191460561.3443
44	389661701.3384	464747344.0348	919403.6085	162434517.7685
45	361344559.9558	557614377.1349	1295389.9412	183432006.4035
46	347237720.9171	557614377.1349	161722.9621	192405947.7564
47	372164498.5056	557614377.1349	956065.2762	181321789.8016
48	386178174.9292	557614377.1349	342026.7961	181783043.2936
49	377546111.6736	1278860912.2145	1391796.7304	221658357.3947
50	424414242.7327	1278860912.2145	1088866.5462	212919606.3716
51	394071809.4149	1278860912.2145	305348.0814	264266115.3239
52	445379011.5025	1278860912.2145	294868.9743	242274580.8340
53	415881146.4167	1278860912.2145	99426.4159	247916045.9728
54	405537198.0534	1278860912.2145	276914.6598	257120812.4740
55	453781582.7342	1278860912.2145	470818.4261	230872524.4555
56	441062510.3404	1278860912.2145	875025.4952	236250136.3004
57	482750150.9567	1278860912.2145	126796.8408	226033867.9043
58	435828774.4595	1278860912.2145	21307.8724	243578350.2865
59	439640425.6855	1278860912.2145	431814.9827	235663040.1537
60	398844594.2112	1278860912.2145	432785.3792	256379525.7468
61	471151853.1794	1278860912.2145	950714.4022	268406018.2393
62	499637293.1628	1278860912.2145	492694.0560	285259119.7443
63	523211264.2269	1278860912.2145	591435.3101	294436005.9434
64	509556512.6498	1278860912.2145	676960.5768	360988360.0089
65	664028997.7391	1278860912.2145	1063755.0036	442952882.4578
66	821715763.2798	1278860912.2145	44684.1792	523597630.8334
67	832202623.5910	1278860912.2145	749306.6430	551963823.0753
68	956915413.7147	1278860912.2145	755076.8368	525766269.7186
69	1067675158.5179	1278860912.2145	134598.5810	457657328.3363
70	963209328.1080	1278860912.2145	1122900.2076	535037805.2395
71	994584741.1739	1278860912.2145	366464.0128	509612833.4165
72	1029637378.4379	1278860912.2145	535609.5825	487757158.4936
73	881876369.3925	1278860912.2145	411568.9277	579942752.2292
74	911940401.0744	1278860912.2145	849460.1773	565099534.8747
75	1007360413.4615	1278860912.2145	611439.0110	503202195.9981
76	903915697.0594	1278860912.2145	156537.4502	573157159.9245
77	1053852659.7515	1278860912.2145	832164.0435	480527065.1242
78	991677189.7513	1278860912.2145	567276.2017	525950425.8564
79	1008394731.0252	1278860912.2145	2437247.9167	510820007.4704
80	936852573.2195	1278860912.2145	781474.2024	549827202.3413
81	988556831.3804	1278860912.2145	681974.9694	508821505.2442
82	985321679.1191	1278860912.2145	789112.0471	524593033.5900
83	982553092.5718	1278860912.2145	481703.6092	528064875.4324
84	947169958.1928	1278860912.2145	272613.6313	537475051.8566
85	1046590260.4110	1278860912.2145	314908.4099	482045275.6568
86	928411848.9553	1278860912.2145	299877.4152	562473248.3410
87	982671191.3015	1278860912.2145	305649.3657	528037833.8092
88	1007769231.0108	1278860912.2145	318654.3134	512103244.2046
89	1031994063.3806	1278860912.2145	788913.9706	494941195.8600
90	983022377.1464	1278860912.2145	686013.6131	527473094.3415
91	1022004018.0664	1278860912.2145	697776.8601	499592580.3784
92	913876613.8062	1278860912.2145	402788.3112	559516721.3600
93	954790803.8017	1278860912.2145	344790.2030	535123408.8267
94	1016571481.3748	1278860912.2145	784728.2838	497572843.1361
95	972431173.1878	1278860912.2145	516413.0883	532224092.5806
96	1064031188.6656	1278860912.2145	1997526.4419	463649788.9243
97	1028592059.3357	1278860912.2145	2154625.0901	490089423.1283
98	981422036.0930	1278860912.2145	725448.0926	518435239.4221
99	929640075.2788	1278860912.2145	3689804.1271	548950587.4103
=== Epoch 1 ===
gen	avg	max	min	std
0	14917840.4681	116796225.5156	94805.1654	15122940.2493
1	22007849.6149	107682979.3242	91271.7770	16004313.8128
2	25054216.9558	107682979.3242	22842.6011	17892510.0477
3	29794088.0621	107682979.3242	236531.8618	19576477.3054
4	35591996.4747	107682979.3242	398268.0546	20323974.7055
5	39642309.8444	107682979.3242	128097.1131	21383423.9973
6	43877519.8491	107682979.3242	815969.1229	22225781.9325
7	48492551.3976	167517048.5000	528405.0369	25126954.6177
8	54440224.5347	167517048.5000	387954.1178	29899828.8505
9	56581040.5743	235651742.1308	337741.9795	40335124.6134
10	65374771.1672	235651742.1308	98566.5767	42252110.3945
11	81168148.4086	244297216.7426	111568.1430	54716471.0415
12	100483541.0805	244297216.7426	462674.4657	65652796.5039
13	125151794.1042	382432006.4480	17564.8808	78724031.2869
14	144698170.5506	382432006.4480	279911.3520	87116555.3274
15	174286818.5924	382432006.4480	283701.7097	95015713.5963
16	187183660.3037	382432006.4480	159439.9415	102274735.8691
17	203770154.0165	389718748.9117	54388.3282	113382336.8634
18	226566182.7631	389718748.9117	14016.5911	130514395.2844
19	244468998.4710	389718748.9117	246046.1117	151571233.8039
20	281618998.9409	389718748.9117	44450.5342	152218733.3653
21	295001000.8395	389718748.9117	47188.3313	155532555.5389
22	305556764.2944	389718748.9117	82462.6042	151926175.2509
23	321081346.9592	389718748.9117	227293.4395	143137637.4498
24	306502714.7453	389718748.9117	94736.7122	155636709.8202
25	309487717.7698	389718748.9117	281080.3636	151901134.9088
26	299667085.9389	389718748.9117	132053.7953	159293513.4017
27	304025073.8107	389718748.9117	208844.3021	154053407.3603
28	278616185.5194	389718748.9117	175298.8672	167142968.6322
29	298584615.8027	424874980.7837	467067.1896	158287325.2203
30	312617237.6427	424874980.7837	354297.4121	150767954.9656
31	317449972.1243	475836510.9396	142840.0194	148369336.0223
32	317595477.3535	475836510.9396	136831.7574	152822389.0271
33	335986437.4766	475836510.9396	370722.3899	148890866.7559
34	349845306.2368	475836510.9396	320957.1374	149073775.5803
35	360039147.9250	475836510.9396	7585.0735	153852433.0624
36	333465374.4811	475836510.9396	142342.0470	178913128.6843
37	347555447.1407	475836510.9396	95062.9615	181278652.7746
38	367878907.4863	475836510.9396	613585.8591	178571189.8451
39	396630269.8332	475836510.9396	369607.0112	167593421.9609
40	374672068.1116	475836510.9396	129030.1418	186653320.3825
41	367737509.9512	475836510.9396	1972.4572	193196256.6652
42	341952916.2734	475836510.9396	54068.1430	207577747.2172
43	376543038.5717	475836510.9396	345340.3624	186094670.2809
44	365873289.4999	475836510.9396	233129.1169	194415118.9618
45	365447618.5046	475836510.9396	47854.9089	194692306.6522
46	368096710.2981	475836510.9396	417088.0534	191465198.9275
47	376390895.7421	475836510.9396	68678.1608	187671740.0471
48	364380037.7126	475836510.9396	189345.8651	196260278.3374
49	361454003.9501	475836510.9396	171100.8662	196300323.3285
50	355999024.0761	475836510.9396	201543.2137	202509660.0912
51	382434558.2345	475836510.9396	121877.5243	182654076.8176
52	363485590.1312	475836510.9396	88607.6952	194491392.1215
53	379842233.6558	475836510.9396	239407.8849	184247674.3816
54	371011120.8899	475836510.9396	260964.1688	186403789.7941
55	369647880.6193	475836510.9396	420586.7181	188186193.1703
56	395542191.6323	475836510.9396	197091.8871	171982221.0358
57	368701841.8466	475836510.9396	168925.8719	193900019.5031
58	365057984.9914	475836510.9396	138296.0687	195380385.2334
59	374485136.8042	475836510.9396	129238.7893	188599100.1290
60	379402335.7550	475836510.9396	395060.3494	184938735.3217
61	395560855.3682	475836510.9396	72452.9570	172105956.0028
62	389409266.4628	475836510.9396	40141.1065	176450752.8325
63	381137181.4554	475836510.9396	169456.4294	184207636.4536
64	384841629.6407	475836510.9396	215705.7029	182362209.7446
65	373667986.9081	475836510.9396	226242.2995	190167250.3916
66	388824890.6917	475836510.9396	338793.5029	177905843.3102
67	367212974.3169	475836510.9396	268700.1983	194171175.1824
68	386289485.1599	475836510.9396	212668.9601	180767259.0251
69	374853315.4535	475836510.9396	293143.5522	188670142.5076
70	384961455.4566	475836510.9396	293498.5831	182295666.5020
71	380867320.3672	475836510.9396	486119.0111	184733796.6671
72	373172340.9330	475836510.9396	166260.2676	189602106.5834
73	389922806.7732	475836510.9396	24886.7213	176053230.4786
74	356740082.0650	475836510.9396	47862.0790	197473729.3793
75	387408257.2268	475836510.9396	72248.9057	178140739.8430
76	349719490.5744	475836510.9396	109220.4001	202989246.2407
77	370308251.8983	475836510.9396	182132.7778	191946342.3708
78	374178722.2974	475836510.9396	95787.4592	191657167.0018
79	360271600.7050	475836510.9396	64960.7059	196425976.8353
80	396775076.2734	475836510.9396	316672.3030	170493425.2021
81	352631358.0229	475836510.9396	288889.7479	203290732.5856
82	370971600.7216	475836510.9396	146931.8904	190301795.5833
83	356786282.7800	475836510.9396	494762.4601	199236722.9828
84	385596643.6073	475836510.9396	527482.3924	179777079.1889
85	356744243.8826	475836510.9396	284797.7205	199525195.3853
86	348397583.3531	475836510.9396	39197.1376	202938649.2440
87	369691219.6241	475836510.9396	428624.1836	191845769.8060
88	371944052.0791	475836510.9396	261491.3384	189390937.7552
89	392946944.0614	475836510.9396	26025.1144	174839490.6976
90	377724872.3639	475836510.9396	26508.7462	185762239.0598
91	388960378.6084	475836510.9396	145752.2867	173694727.7635
92	385587960.1089	475836510.9396	479101.1703	180461306.0334
93	357132464.9785	475836510.9396	138839.1461	198330772.1549
94	391809826.5345	475836510.9396	62118.7713	176838211.8107
95	393441105.9004	475836510.9396	392784.5685	173949073.2813
96	391554182.7684	475836510.9396	56877.2149	175660493.6468
97	343551897.0523	475836510.9396	171376.9048	205667850.0850
98	354045682.8183	475836510.9396	204438.6465	199821158.5966
99	371602791.5062	475836510.9396	123429.0097	191387217.8991
100	354479262.9010	475836510.9396	175064.3206	200561663.7972
101	363637995.0834	475836510.9396	110087.8864	195641640.1462
102	353770412.4584	475836510.9396	226612.2314	200746689.6204
103	367667243.5156	475836510.9396	572919.7108	193112616.9827
104	369877412.2828	475836510.9396	113917.5640	190443962.1237
105	383511091.7628	475836510.9396	240053.9553	183429592.7635
106	353187832.6717	495573598.6439	85900.1528	202412817.4219
107	370082207.4144	475836510.9396	412109.3581	189354753.1721
108	351222431.2449	475836510.9396	223583.3193	201843148.9036
109	357758843.1593	475836510.9396	39124.5806	198362278.8265
110	349148580.8344	475836510.9396	237834.0129	201880749.1904
111	364907028.3165	475885805.8397	376659.9971	191687982.9526
112	358965672.3693	475885805.8397	278151.6041	195726643.6495
113	362782620.5053	475885805.8397	61445.3071	192865054.6104
114	374282628.1085	475885805.8397	293015.4856	185148679.1765
115	333442311.9788	475885805.8397	219235.5107	210718592.5118
116	345700149.2820	475885805.8397	55220.8402	206652037.6567
117	348219126.8350	475885805.8397	141513.5211	205151406.1037
118	366895920.6526	475885805.8397	273634.4874	194329051.1142
119	361307034.3279	475885805.8397	112347.3121	194390938.0378
120	377682025.5674	475885805.8397	55535.9247	184725046.7755
121	396884226.5920	475885805.8397	40515.6993	167984876.0714
122	365326974.8080	475885805.8397	391541.8578	192596368.6244
123	392355270.9221	475885805.8397	332753.7700	175828592.8045
124	353888717.7061	475885805.8397	97813.0519	201966422.9571
125	367226486.3382	475885805.8397	272161.4052	192384367.3272
126	372790138.2414	475885805.8397	264456.0734	189596242.4251
127	345672249.8432	475885805.8397	347363.0896	204979173.1164
128	369662579.9854	475885805.8397	362215.9777	192516218.0298
129	371089070.7449	475885805.8397	598559.4797	189976425.6756
130	377236248.8633	475885805.8397	348806.6445	186322897.4968
131	359671655.5859	475885805.8397	122440.5129	196186982.0253
132	368234699.0723	475885805.8397	94063.1407	189922526.6708
133	365662099.4708	475885805.8397	29369.0297	194267758.0824
134	372467128.1010	475885805.8397	297182.8091	188931395.5779
135	399804079.3538	475885805.8397	960820.5420	166561111.7338
136	359324976.9066	475885805.8397	103093.7889	197644176.8353
137	379357801.6518	475885805.8397	175847.7414	183418428.1937
138	375696850.8275	475885805.8397	109817.1636	185178944.0672
139	361110344.2434	475885805.8397	128295.8344	195426610.1149
140	367822509.3181	475885805.8397	234918.0322	191974662.0731
141	357738863.8611	475885805.8397	234627.5500	197801318.2557
142	360982882.9696	475885805.8397	195622.3583	196963642.6222
143	368936006.5640	475885805.8397	152901.6716	189775719.6248
144	369533908.3415	475885805.8397	310605.9376	190871466.5467
145	357115482.7015	475885805.8397	192457.5800	198674103.8880
146	364951868.2995	475885805.8397	433092.6494	191973821.1365
147	355392677.1723	475885805.8397	213779.8007	198508255.2552
148	377348132.4970	475885805.8397	205887.8858	187466740.6048
149	369073520.1080	475885805.8397	182808.6028	192473715.7636
150	369554180.0854	475885805.8397	149823.3365	190153808.7278
151	384180617.3648	475885805.8397	171368.0022	182324788.5111
152	400886477.6516	475885805.8397	101339.3040	168348106.3637
153	381982868.0781	475885805.8397	474940.4571	183513418.2616
154	384542067.7635	492902347.5119	626710.5094	179691553.4095
155	358985262.5825	492902347.5119	64790.8405	198050378.1703
156	361007897.1994	492902347.5119	186068.5071	195813352.0617
157	377254173.5712	524677304.1383	364582.6851	186119603.8748
158	371384076.7122	793541382.9311	208090.0250	197597239.5564
159	365969830.1845	793541382.9311	150883.7540	203770416.8100
160	385574696.4913	798058230.0657	205635.5149	204963333.5568
161	399559752.7150	798058230.0657	294100.6461	213293495.7200
162	418876113.5359	977598145.6745	358546.8097	221899224.2310
163	475580580.1813	1063101854.5933	80207.8808	267999488.7645
164	519164401.8683	1063101854.5933	254213.2681	321361509.8685
165	578593988.3673	1063101854.5933	557832.7845	341032848.8691
166	658526648.2003	1063101854.5933	224759.7099	379620654.8176
167	725761365.7987	1063101854.5933	384221.2289	416441525.2806
168	798848869.8671	1063101854.5933	146196.6815	414430666.0220
169	805926716.6111	1063101854.5933	97142.2650	441631380.2333
170	747469570.5373	1063101854.5933	258461.4414	470736798.2389
171	734654311.6512	1063101854.5933	122050.6646	475569148.7619
172	768422384.6611	1063101854.5933	815303.9268	459793728.4429
173	786096250.7240	1063101854.5933	390295.3016	453702000.9703
174	807307361.0373	1100687278.1178	381729.0598	436221222.8504
175	887490794.5208	1100687278.1178	164115.1319	390789137.0076
176	776282609.2034	1100687278.1178	212166.2699	461442004.5988
177	777452469.3241	1100687278.1178	301544.9654	463214454.3867
178	857289890.1317	1100687278.1178	314583.4538	421386411.2944
179	809571402.4378	1100687278.1178	93123.2804	459116782.5086
180	825033043.7369	1100687278.1178	276227.4935	452764478.4008
181	865635454.0716	1100687278.1178	419349.9547	436023552.4592
182	820693364.6984	1100687278.1178	211683.7115	468093841.1924
183	824162996.2004	1100687278.1178	553710.6801	463305061.9013
184	871014156.3384	1100687278.1178	386324.2051	434866672.1352
185	854211210.5507	1100687278.1178	680559.7200	451476550.2848
186	851852346.0710	1100687278.1178	284319.5757	445343022.8010
187	851793748.9549	1100687278.1178	24731.9129	451641138.5576
188	875530380.1917	1100687278.1178	25877.5559	433264775.6066
189	889742185.1663	1100687278.1178	365142.6066	424460509.1250
190	866178705.1250	1100687278.1178	269454.8837	442382585.1520
191	822978491.2176	1100687278.1178	105734.9376	469263613.4392
192	861029654.0965	1100687278.1178	270423.1642	441454038.8330
193	842274050.0292	1100687278.1178	414375.5369	454705071.3913
194	841573328.4454	1419921675.1281	286955.1085	451633690.5775
195	863805656.5276	1419921675.1281	254533.1008	446205337.5914
196	854632194.4252	1419921675.1281	122737.6585	453101477.7926
197	877175816.7997	1419921675.1281	135924.1968	443677863.2178
198	903436614.8108	1419921675.1281	39698.2695	447710793.9035
199	871207296.2834	1419921675.1281	82586.6440	495890503.5459
=== Epoch 1 ===
gen	avg	max	min	std
0	12701794.8186	56135780.4923	150291.3192	11885432.0309
1	17510088.4977	68922873.4010	136487.7053	14474408.4085
2	27598789.5999	143063385.9568	307088.4070	20406338.9987
3	34238895.8316	120953544.5842	186353.1168	22348570.7585
4	41646942.0091	120953544.5842	406055.8649	26416112.5309
5	46634165.3539	171048736.2655	196878.9878	32369380.8015
6	55870904.5713	184722993.8891	299568.9112	38163053.1295
7	70924972.7566	497878252.3754	844679.4531	54848531.4611
8	87052115.8946	497878252.3754	162657.2205	62226234.8667
9	109965401.3895	497878252.3754	170791.7111	75769321.7935
10	132038596.3098	497878252.3754	252340.7663	87466797.9432
11	152436824.8603	640445037.9158	163300.1767	110746135.5806
12	209254001.1404	640445037.9158	700730.6172	151246432.6906
13	252239641.5123	640445037.9158	1850837.8849	179463003.6323
14	296366865.6545	640445037.9158	584353.1363	214382931.4484
15	389526594.1822	640445037.9158	248321.2754	226858590.9485
16	472486052.2274	640445037.9158	533589.8795	229933305.3785
17	487935880.2277	640445037.9158	122761.5813	252570893.2521
18	518542649.1241	670440730.9764	829125.4923	241236952.3875
19	484881752.8175	670440730.9764	217147.0432	263151733.0141
20	507396584.3927	670440730.9764	708471.2109	249594051.7397
21	531654625.3310	670440730.9764	400517.0206	235198527.9440
22	508433416.8685	670440730.9764	389233.2499	261555490.2602
23	485500596.0749	670440730.9764	32664.0306	276512738.7410
24	528823622.8457	670440730.9764	182016.1842	257601206.8099
25	533262475.7666	670440730.9764	89386.5687	257584596.0588
26	514541966.0513	670440730.9764	548975.9958	268616375.8878
27	506178340.0938	670440730.9764	52176.7422	275703628.4467
28	534095099.4689	670440730.9764	226595.2950	261576044.9938
29	506439923.5024	670440730.9764	313341.2337	282311036.0629
30	506912779.9901	670440730.9764	286294.9485	271805364.2260
31	528715309.3599	670440730.9764	211949.7911	267152424.2847
32	567159708.4501	670440730.9764	391593.8009	234848932.2464
33	520477324.9221	670440730.9764	415869.6087	271771112.8193
34	535103841.1612	670440730.9764	316516.9879	259594539.0546
35	533226709.2464	670440730.9764	290699.9311	258556231.2815
36	541184734.7193	670440730.9764	486599.7870	257159204.9685
37	498210686.7575	670440730.9764	431112.7538	284526273.6811
38	533418085.4546	670440730.9764	173514.8000	262829726.2206
39	520590365.2552	670440730.9764	160073.0815	265808747.2902
40	507598179.7678	670440730.9764	75712.9592	276250967.0971
41	539802853.9869	2840153365.6845	533770.6697	308365294.2822
42	528667211.9508	2840153365.6845	321331.7065	312807728.3752
43	523283710.1534	2840153365.6845	159941.5092	439487095.1679
44	601843583.4243	2840153365.6845	332199.8433	583249326.7321
45	817831259.3355	2840153365.6845	897187.2719	802732471.9394
46	1025897147.2928	2840153365.6845	121235.6960	1037634669.5426
47	1397117061.5541	2840153365.6845	229707.7370	1200950975.3989
48	1724847129.8247	2840153365.6845	133676.1325	1299246818.3235
49	2062739357.6907	2840153365.6845	471631.9669	1223179576.9790
50	2245336589.6098	2840153365.6845	53235.1968	1138695242.5812
51	2198850269.3021	2840153365.6845	254278.5624	1174668007.3655
52	2271707432.1181	2840153365.6845	417620.4284	1120829007.2356
53	2227537887.5308	2840153365.6845	80222.6393	1154620923.1004
54	2115666674.0520	2840153365.6845	67714.8494	1222719745.2467
55	2019594147.1271	2840153365.6845	89790.4132	1269756247.9696
56	2097138708.6882	2840153365.6845	70663.1004	1237863408.2108
57	2257110431.7103	2840153365.6845	110552.6100	1131638530.6823
58	2156926302.4281	2840153365.6845	57170.4692	1201110420.4330
59	2227658271.6590	2840153365.6845	133635.1180	1154341796.2239
60	2277427487.0497	2840153365.6845	80232.1512	1125638140.7238
61	2199973929.9022	2840153365.6845	84085.2720	1172624628.2486
62	2174466747.7457	5589512691.1136	169250.9189	1217626268.6121
63	2025877421.4515	2840153365.6845	447749.9646	1261147624.0529
64	2157958036.0818	2840153365.6845	87196.6601	1199052046.0378
65	2185065421.1936	2840153365.6845	174492.3711	1182883910.2180
66	2295228282.8773	2840153365.6845	92520.7287	1107917745.5894
67	2267149388.0818	2840153365.6845	230398.0918	1129280611.4958
68	2084097169.0877	2840153365.6845	96380.0405	1243931042.2360
69	2181935406.0221	2840153365.6845	12652.7849	1188085186.6181
70	2224768311.1460	2840153365.6845	333659.5220	1159138326.2241
71	2002626230.5735	2840153365.6845	98230.7567	1280293207.6132
72	2023639169.9166	2840153365.6845	138045.3690	1277787186.3519
73	2033412484.5300	2840153365.6845	25341.7013	1264166356.9256
74	2139177612.5297	2840153365.6845	21320.9049	1214458747.0202
75	2169712740.7998	2840153365.6845	29421.8575	1193482690.8326
76	2229012025.5410	2840153365.6845	482793.6898	1151760800.1005
77	2277607854.0637	2840153365.6845	50361.7285	1125307989.4802
78	2126189296.6717	2840153365.6845	125714.6190	1221277917.6581
79	2114569431.7792	2840153365.6845	163111.2259	1224991798.7069
80	2099776218.8317	2840153365.6845	96180.7608	1233506089.9839
81	2253597354.1358	2840153365.6845	148923.9964	1138302000.6238
82	2154805285.2848	2840153365.6845	55123.4255	1204094260.2179
83	2140921054.2865	2840153365.6845	136996.4420	1211627056.0771
84	2077130249.8668	2840153365.6845	14658.5030	1240886754.2202
85	2357582739.3353	2840153365.6845	184398.8987	1050932526.5482
86	2149768484.4741	2840153365.6845	378032.3281	1196999891.8559
87	2230532799.0598	2840153365.6845	231402.9639	1149128460.8328
88	2079697181.9497	2882789989.8837	91891.3807	1236718015.5531
89	2186490858.8370	2882789989.8837	203530.7102	1182076161.1900
90	2197528390.1269	2882789989.8837	442136.9154	1166631169.6958
91	2145842664.6109	2882789989.8837	16905.0290	1210309604.9579
92	2159372159.4166	2882789989.8837	64522.0084	1207391633.7087
93	2238232852.0881	2882789989.8837	83563.3853	1160023647.9276
94	2148223981.4041	2882789989.8837	99571.1158	1225502274.4544
95	2132668753.4770	2882789989.8837	197058.1441	1240730431.5291
96	2133188009.4686	2882789989.8837	176609.0917	1245248879.4066
97	2273955135.3992	2882789989.8837	324823.1962	1162538909.3122
98	2347514843.4415	2882789989.8837	50267.9568	1105838516.6832
99	2253494331.9474	2882789989.8837	234459.9357	1170860953.2251
100	2274974881.0846	2882789989.8837	349312.6578	1161988488.2281
101	2305397911.9532	2882789989.8837	338044.2746	1138750760.1817
102	2213687251.3374	2882789989.8837	11026.7774	1207832657.2924
103	2208652034.4217	2882789989.8837	653393.7561	1202307349.7318
104	2174835709.1590	2882789989.8837	74248.1924	1226768916.1568
105	2058244938.8292	2882789989.8837	241768.9789	1290742275.0885
106	2155013062.3132	2882789989.8837	295198.1589	1229092265.0259
107	2223904279.6605	2882789989.8837	556315.3950	1190252360.7285
108	2240384936.8531	2882789989.8837	24736.8280	1177438389.6395
109	2247870474.1214	2882789989.8837	120371.6614	1179240635.5186
110	2342745044.3731	2882789989.8837	574739.8937	1115284981.6531
111	2389430000.6773	2882789989.8837	251689.3230	1072164991.2414
112	2132870946.6350	2882789989.8837	109213.8076	1249644947.6670
113	2079276264.0374	2882789989.8837	184363.1204	1275926245.9529
114	2276392451.7626	2882789989.8837	3477.6789	1159774248.3319
115	2029243649.5397	2882789989.8837	2854.0253	1304578085.2731
116	2025997210.3988	2882789989.8837	30988.6731	1295800133.1763
117	2295891730.9210	2882789989.8837	61733.4575	1140595507.3529
118	2115726834.8293	2882789989.8837	415321.5455	1261649747.1225
119	1988632197.9415	2882789989.8837	1798.2385	1319517986.3464
120	2119300913.9547	2882789989.8837	126355.7649	1256439098.6225
121	2232719652.4195	2882789989.8837	25140.5747	1189949942.9995
122	2185546047.6675	2882789989.8837	64299.5115	1224442271.7750
123	2189181768.4594	2882789989.8837	395771.0356	1217978102.0237
124	2235922727.9063	2882789989.8837	363693.7422	1184422973.7367
125	2159140093.5449	2882789989.8837	75813.2524	1237345176.8026
126	2304675751.9720	2882789989.8837	383395.8267	1139318586.1608
127	2213351681.9057	2882789989.8837	308167.6272	1193644947.1634
128	2104658946.0010	2882789989.8837	392473.7818	1264078254.6410
129	2108789968.7211	2882789989.8837	219434.4911	1259130121.6601
130	2199724120.8959	2882789989.8837	850324.7797	1205513828.3395
131	2062377892.3377	2882789989.8837	491961.0222	1274174125.9169
132	2125936443.1713	2882789989.8837	278720.6907	1245778811.9612
133	2389602455.0243	2882789989.8837	401217.8907	1074216540.3054
134	2279615813.4677	2882789989.8837	169555.5961	1153029336.6374
135	2258661388.5575	2882789989.8837	515111.8299	1175661498.2332
136	2091570347.5711	2882789989.8837	36002.1062	1270360699.7711
137	2171621622.7486	2882789989.8837	3969.9938	1232199097.0253
138	2081004384.6004	2882789989.8837	622652.1419	1271048185.4297
139	2065563449.7559	2882789989.8837	108548.5322	1284672468.7629
140	2104577175.1406	2882789989.8837	266584.0732	1264400211.0071
141	2230171845.9524	2882789989.8837	254410.0317	1194399122.2084
142	2259162511.3012	2882789989.8837	261582.6611	1174767636.4744
143	2270449591.0832	2882789989.8837	887676.2739	1151225841.1008
144	2235545146.0668	2882789989.8837	160846.8010	1185852643.4383
145	2167575872.0230	2882789989.8837	61863.2641	1225497384.7493
146	2051980799.8015	2882789989.8837	323401.2197	1285879218.0248
147	2174713775.5543	2882789989.8837	130073.5380	1227206100.2699
148	2142741294.7908	2882789989.8837	212764.3633	1234111781.4332
149	2088869343.4425	2882789989.8837	109484.1515	1269024188.6987
150	2236110210.0024	2882789989.8837	23541.5438	1184531282.9996
151	2140427235.2844	2882789989.8837	60855.6453	1238310484.4636
152	2085574984.6856	2882789989.8837	177689.8814	1268226078.9111
153	2164407341.9584	2882789989.8837	125772.9160	1228739667.6957
154	2299490604.4742	2882789989.8837	327800.2915	1149109837.2649
155	2253560239.0817	2882789989.8837	452785.3815	1184868857.0909
156	2151363549.1570	2882789989.8837	288298.8786	1235259464.4555
157	2239701861.3565	2882789989.8837	53814.0419	1180698581.9014
158	2449743820.1194	2882789989.8837	15151.4149	1011879462.4276
159	2243760669.8885	2882789989.8837	145060.4821	1180352359.1554
160	2088170606.8330	2882789989.8837	177235.7983	1269733406.1681
161	2144249469.2383	2882789989.8837	361509.9927	1240622631.8313
162	2282607144.2071	2882789989.8837	215924.4392	1157903344.4923
163	2308269265.5231	2882789989.8837	213334.2786	1136615515.6622
164	2262240518.6483	2882789989.8837	213543.2438	1170099008.2217
165	2198959341.7806	2882789989.8837	263789.4783	1217277108.1445
166	2320985956.3575	2882789989.8837	179553.7612	1124756265.8542
167	2107447078.3118	2882789989.8837	106491.3955	1259762735.3199
168	2237020264.1729	2882789989.8837	223418.6275	1183113964.9511
169	2155213522.3764	2882789989.8837	340580.3576	1229813355.6493
170	2273808629.6530	2882789989.8837	564597.9149	1164207006.9220
171	2253988448.1235	2882789989.8837	239137.2695	1172090290.0311
172	2301358524.6926	2882789989.8837	301249.2507	1145389888.9722
173	2203795455.1997	2882789989.8837	26245.3078	1209104705.1315
174	2134751567.4794	2882789989.8837	206022.4577	1246657498.7616
175	2136983268.8312	2882789989.8837	7480.0098	1243967299.4247
176	2291175668.5516	2882789989.8837	263269.9482	1148731903.8121
177	2343185766.4874	2882789989.8837	6470.1342	1114780074.9168
178	2156730809.5935	2882789989.8837	219261.4654	1241382157.2770
179	2298936420.7674	2882789989.8837	569459.5939	1150008096.4603
180	2174400415.8243	2882789989.8837	23530.6452	1227443502.8270
181	2287468861.5605	2882789989.8837	566989.3439	1155097397.2368
182	2129405620.1277	2882789989.8837	36403.9892	1255225676.2818
183	2122641008.6824	2882789989.8837	9317.1144	1252451001.0529
184	2179027674.0641	2882789989.8837	203509.3620	1221581184.4451
185	2161944502.1663	2882789989.8837	397298.5020	1233097867.8088
186	2009108279.4273	2882789989.8837	26833.3286	1304746041.3380
187	2187588472.1102	2882789989.8837	16220.7211	1208311246.6340
188	2250869045.1032	2882789989.8837	34080.4801	1176304432.4822
189	2272176713.9891	2882789989.8837	600710.1480	1167477458.4564
190	2233700225.3085	2882789989.8837	7922.2463	1188754143.7069
191	2166441242.2580	2882789989.8837	210240.1877	1226172837.1529
192	2258098295.3990	2882789989.8837	114899.4433	1176931880.4529
193	2290796017.7675	2882789989.8837	264928.4423	1149165186.1799
194	2318337834.3870	2882789989.8837	499949.8274	1129728938.4101
195	2156765096.5803	2882789989.8837	372325.0346	1241419087.7354
196	2254596070.5563	2882789989.8837	309691.7753	1173138227.9400
197	2150071478.0787	2882789989.8837	4434.3845	1237114891.0407
198	2165708341.1427	2882789989.8837	82132.4069	1227865387.5072
199	2186978659.2756	2882789989.8837	426809.4586	1222404698.2994
=== Epoch 1 ===
gen	avg	max	min	std
0	31022112.6810	52203723.5824	6678067.8070	11212689.2076
1	33943881.1115	65088228.5033	2427571.3301	12137700.6194
2	36191162.2631	84340608.4710	9052888.4679	16020151.8039
3	42530370.9374	93217596.7134	4030589.8445	18221181.6449
4	53141992.4552	93217596.7134	17292533.7254	18182725.8323
5	49330907.8775	86920942.3645	4014315.1035	22084037.1135
6	59343793.3555	103517379.6676	12597341.9062	22581804.6031
7	54933777.1980	111677619.0239	7908243.3341	28005517.5533
8	66900321.2316	125713260.6229	5206939.4969	28969750.5016
9	63771563.3123	125713260.6229	11022929.3845	32645738.9714
10	64616053.4076	125713260.6229	5195728.9810	34135104.6806
11	65553343.6009	137838934.2531	6028620.8301	40371964.4708
12	77306961.5244	137838934.2531	2294098.6788	39563314.3529
13	78121319.5513	153059931.8955	8201802.6625	43267868.8954
14	92865612.3690	153059931.8955	7961925.6401	40499612.4143
15	103884398.2199	153059931.8955	8870476.1819	37506143.2320
16	106553312.1497	153059931.8955	7532521.5915	44842792.7085
17	107820006.2932	153059931.8955	3913364.7098	50544324.4701
18	117182792.8479	157095759.3873	5984120.6476	49448156.2852
19	130707012.3610	157095759.3873	15885168.7255	44289005.7870
20	134341984.9433	157095759.3873	9484275.9063	44263498.3935
21	112518071.7858	157095759.3873	7338145.8373	60288975.2541
22	129378608.6013	157095759.3873	11533062.8707	49581300.0748
23	130103507.7400	178618944.1864	8268379.0943	48453917.9247
24	128804385.7971	178618944.1864	8248308.0196	53127550.5401
25	137900086.7034	178618944.1864	16148302.5016	46728373.4809
26	134361938.0788	178618944.1864	8523095.0467	56838492.4615
27	138776442.5192	178618944.1864	10355419.0441	55213084.5972
28	148656828.8802	178618944.1864	4127856.9331	58244012.5548
29	142407114.2148	178618944.1864	6577261.2879	63702382.7670
30	148105932.2271	178618944.1864	10521828.5651	56722184.2627
31	149165908.9739	178618944.1864	6436800.3902	60839977.9867
32	131154042.3428	178618944.1864	7589126.3953	68784254.5736
33	136420467.2493	178618944.1864	4354489.8171	65935364.9404
34	145901794.7677	178618944.1864	10130058.8713	60160515.4980
35	163909296.2361	216444090.9268	16190741.8573	44394114.4234
36	139284009.6107	216444090.9268	6393068.0478	67656189.0304
37	137116357.9687	216444090.9268	3865498.9081	72427160.6925
38	150258308.2229	216444090.9268	5343986.1911	67164080.1385
39	155597213.5631	216444090.9268	7977575.6411	67803743.4083
40	163611349.0010	216444090.9268	8208185.7526	69382518.6484
41	148900364.1194	216444090.9268	5876294.7608	87849244.0227
42	176181259.1131	216444090.9268	8236787.1601	74739439.0627
43	187071600.7313	216444090.9268	12162731.5717	68123391.1408
44	185192662.8366	216444090.9268	11373049.6327	68582860.7783
45	193671165.7896	235425043.5312	4119746.2774	63135013.5049
46	167034078.5035	394108540.9414	5820796.7880	94300409.8877
47	199217749.8957	394108540.9414	7431970.9263	75824600.4789
48	204863874.2070	394108540.9414	7464927.0100	108734552.6364
49	219333763.9367	394108540.9414	8122548.6369	136577962.5936
=== Epoch 1 ===
gen	avg	max	min	std
0	28002571.2278	90085315.5730	3550707.7201	16177701.5637
1	34420154.3306	130794949.0816	2834724.7336	17541259.2335
2	40496670.8110	130794949.0816	2819311.5013	20314171.1630
3	46161378.1155	268773992.6069	3518330.2515	24570377.9129
4	52678125.9720	656321662.8179	2932934.3866	38967916.7019
5	63646597.4856	687374375.1598	4691897.1009	65987967.1781
6	73020653.2242	656321662.8179	3604010.2852	74970059.0217
7	85249574.2703	656321662.8179	4059376.2995	96231645.2490
8	105751394.3845	955232535.3763	3039906.3974	117632908.0774
9	130402171.4758	955232535.3763	5422058.6243	153820621.4128
10	179614849.9763	1239606193.0061	4183250.5288	204647762.0304
11	245658144.2759	1261051317.6405	4525101.0562	268101077.1592
12	371995866.2180	1261051317.6405	3470012.6220	320216672.3287
13	504676945.9833	1543557522.6731	3466130.9630	357825430.8996
14	598224713.7938	1543557522.6731	3647055.8657	364587365.0967
15	664756936.8832	1543557522.6731	2776230.2213	398435145.1193
16	748366959.6461	1543557522.6731	3993189.6497	398612610.3032
17	787529786.5338	1543557522.6731	5042059.0398	448309606.8957
18	861182598.4769	1543557522.6731	4207029.3219	464617764.4937
19	929217765.9720	1543557522.6731	4628108.8545	509599937.9565
20	981410946.4467	1543557522.6731	2844877.7215	588024611.5715
21	1101673115.5229	1543557522.6731	2965122.8596	591401015.7474
22	1147882724.5586	1543557522.6731	4732923.8399	623179570.0711
23	1246288838.3084	1543557522.6731	4408356.2384	577353999.7279
24	1198821781.0924	1543557522.6731	4411920.7678	621016163.9366
25	1199413844.4207	1543557522.6731	5040493.5263	621985628.7651
26	1186296407.2540	1823096515.8496	5098073.1569	628632226.9897
27	1214960191.3500	1823096515.8496	4512995.9719	615105217.6922
28	1237111246.6139	1864915059.0401	3502395.1182	599626488.9355
29	1145775902.9154	1864915059.0401	5224850.1642	661434878.4243
30	1227160941.0108	1864915059.0401	5473963.6711	630958010.9404
31	1247086903.5965	1864915059.0401	4190905.9401	651191456.4823
32	1338344124.9704	2303154236.0277	4242082.2684	654573860.4700
33	1343704387.3244	2303154236.0277	5389012.4015	747643288.2042
34	1424727952.3075	2303154236.0277	2965628.8222	745623812.9012
35	1432883502.6610	2303154236.0277	3547806.2303	769386667.6720
36	1429771379.4982	2303154236.0277	5030585.4598	835177279.8207
37	1517611293.3563	2303154236.0277	3267119.6803	865443860.4703
38	1601543750.2374	2303154236.0277	5186025.5622	910647859.3641
39	1750652535.4553	2303154236.0277	4298682.5434	912230200.8800
40	1762988014.6836	2303154236.0277	3995231.1035	937675041.0820
41	1742575149.6028	2303154236.0277	5468162.7428	963490474.4251
42	1784828370.7850	2303154236.0277	3714873.6989	940428197.1635
43	1786345211.6703	2303154236.0277	4027123.2787	935126915.4547
44	1779599526.8051	2303154236.0277	6020996.5434	936330674.7308
45	1737715524.2100	2303154236.0277	4533856.9542	962292762.2424
46	1768000037.0038	2303154236.0277	7402348.3414	928565294.9056
47	1814657648.1338	2303154236.0277	4294699.9577	914804315.4144
48	1792191662.9624	2303154236.0277	5086603.3738	933840532.5615
49	1721144775.9560	2303154236.0277	2905017.0668	978648019.5299
50	1868579716.2563	2303154236.0277	5673603.6055	878602882.8754
51	1791607277.3137	2303154236.0277	4886047.6676	929719703.7277
52	1724669955.7490	2303154236.0277	5088954.0278	967376826.7384
53	1801458094.3824	2303154236.0277	4280728.9659	916889486.0777
54	1777752382.4627	2303154236.0277	4975674.0993	939661397.7089
55	1743548007.6242	2303154236.0277	5976751.9554	947913087.2871
56	1795978639.4712	2409442397.5477	6827551.0454	927599052.7416
57	1797969510.0130	2409442397.5477	4631139.5892	926514908.6967
58	1792391293.0331	2409442397.5477	4664527.8917	929885743.0239
59	1779708904.9070	2409442397.5477	5476647.7677	944211499.2147
60	1710153563.0907	2409442397.5477	4732294.8839	980129807.0995
61	1717615453.6495	2409442397.5477	3506876.1846	988467509.9760
62	1817375005.9259	2409442397.5477	4326997.5945	948638205.3298
63	1809616485.0787	2409442397.5477	5686861.0331	976509945.9537
64	1824450485.4606	2409442397.5477	4486245.8130	981037996.7056
65	1843061818.7112	2419616609.5444	4696381.1271	993651483.4106
66	1887609593.7967	2419616609.5444	5062569.8820	964385787.7371
67	1932226998.3764	2419616609.5444	3649057.9576	935845465.3892
68	1826976499.1491	2419616609.5444	4234690.6922	1006403018.2079
69	1820585523.5428	2419616609.5444	4583675.1047	1004162146.5282
70	1850923572.5151	2419616609.5444	4324956.6943	986778782.8066
71	1794820121.5263	2419616609.5444	2876002.9227	1012523599.3615
72	1896140890.2805	2992951148.5913	4236488.5561	964300479.7040
73	1875011989.4187	2992951148.5913	5191603.9782	987662055.2423
74	1905674575.7252	2992951148.5913	4536603.5023	987783223.5956
75	1808234216.5457	2992951148.5913	4869910.3396	1057668781.9865
76	1901218824.1229	2992951148.5913	3914955.8238	1043480260.7166
77	1905009654.0530	2992951148.5913	4388274.4946	1110616382.6805
78	2058513726.1710	2992951148.5913	3215527.3125	1112626194.0272
79	2165360445.3998	2992951148.5913	7790912.7705	1187529912.0028
80	2402666755.3979	2992951148.5913	4836919.7844	1121299146.1513
81	2283256439.3511	2992951148.5913	4246117.1975	1234942710.6364
82	2325359990.0320	2992951148.5913	4483634.9257	1215286991.4090
83	2294838767.0971	2992951148.5913	3587923.2078	1229587071.6003
84	2314792498.6758	2992951148.5913	4336068.8706	1221198983.3516
85	2294416064.9490	2992951148.5913	4670385.1198	1235801282.3209
86	2404706425.1783	2992951148.5913	4610933.9983	1160728907.9528
87	2346510116.3741	2992951148.5913	4360499.5083	1199813538.3815
88	2290335668.6340	2992951148.5913	4210524.3175	1229120124.8312
89	2289686485.9715	2992951148.5913	5879354.5645	1236988162.6139
90	2340640595.8434	2992951148.5913	2945416.7856	1209655782.3407
91	2307173374.2482	2992951148.5913	3878723.0812	1231748241.6152
92	2314471794.0380	2992951148.5913	4053631.3159	1219561310.0471
93	2354577942.9317	2992951148.5913	3405127.8452	1204516612.5672
94	2306553958.6250	2992951148.5913	5416450.3840	1220902926.2540
95	2210201199.0051	2992951148.5913	4825637.1021	1289097503.4993
96	2259120086.7998	2992951148.5913	5007660.4347	1260180425.1556
97	2400325225.3930	2992951148.5913	3514843.4637	1161271951.6371
98	2312655509.8297	2992951148.5913	4001129.9653	1227197677.5969
99	2266588048.1230	2992951148.5913	5350055.6170	1254347675.1250
100	2311282864.5068	2992951148.5913	4336775.9153	1224245332.4589
101	2258803319.2316	2992951148.5913	4082114.6545	1256219078.0416
102	2277008467.9337	2992951148.5913	3560406.1160	1239472825.7369
103	2352472658.9593	2992951148.5913	4766045.7225	1196682062.2988
104	2321018381.4430	2992951148.5913	6170388.8094	1219024510.6485
105	2356847049.8442	2992951148.5913	3713036.4724	1199892353.9496
106	2401698068.5519	2992951148.5913	4446430.9725	1160277506.1119
107	2319478405.4879	2992951148.5913	4902113.1578	1216735435.8738
108	2434681107.2377	2992951148.5913	6241753.3782	1129492017.6309
109	2331089510.0473	2992951148.5913	3689166.3859	1209258151.7469
110	2296022177.5941	2992951148.5913	5919802.4963	1229672367.2233
111	2330070087.4976	2992951148.5913	3998466.0931	1213629367.4948
112	2369460645.5318	2992951148.5913	4934263.2472	1190646035.1325
113	2308760510.3352	2992951148.5913	3871662.9536	1228533517.1526
114	2238677793.2077	2992951148.5913	3697376.8653	1275113689.1637
115	2246326346.6276	2992951148.5913	2723041.2713	1253691715.8347
116	2320819811.6736	2992951148.5913	4924094.5942	1219779717.6019
117	2302051502.8027	2992951148.5913	4119311.4002	1228768988.3163
118	2252147146.3774	2992951148.5913	2745877.5810	1260835267.2620
119	2355113017.5503	2992951148.5913	5035110.4689	1202910137.0894
120	2299218135.2164	2992951148.5913	4127364.0633	1231490131.4133
121	2386909123.1871	2992951148.5913	3490756.3971	1172135504.3994
122	2377819948.2056	2992951148.5913	4634583.8802	1181764761.1633
123	2320233745.1999	2992951148.5913	5485786.6259	1220350075.0088
124	2325992997.5274	2992951148.5913	4798648.1914	1217124427.1701
125	2330213415.5179	2992951148.5913	4203355.8711	1205225390.9170
126	2362857122.1722	2992951148.5913	4329825.6475	1190661438.5272
127	2331942053.4963	2992951148.5913	3935170.3148	1209393030.5666
128	2301122078.6995	2992951148.5913	3893871.8082	1236477442.9800
129	2318763122.5844	2992951148.5913	3505436.8970	1228744444.3642
130	2306918479.5603	2992951148.5913	3812422.9589	1230704267.8293
131	2403425632.9494	3008781844.4233	4384864.4205	1168286171.6087
132	2312230138.1993	3008781844.4233	4470479.8781	1219136731.7571
133	2260150905.6028	3045299592.1473	2510529.5786	1253978751.1397
134	2366710740.5117	3045299592.1473	3446069.2627	1183426963.4519
135	2298227223.1364	3045299592.1473	3301797.0357	1233278839.0452
136	2410997617.1263	3045299592.1473	6970315.9872	1161118249.2043
137	2312123454.2156	3045299592.1473	6987119.6517	1234470006.7583
138	2125116181.3320	3045299592.1473	3940946.1482	1346445531.7666
139	2299013052.6162	3045299592.1473	4975400.5660	1263002814.9763
140	2334496008.4751	3045299592.1473	3187571.0512	1251889549.3282
141	2316066037.1256	3045299592.1473	4124763.5834	1272693002.5177
142	2380646285.2023	3045299592.1473	4936092.3100	1238036337.5858
143	2248391312.5554	3045299592.1473	6047758.7918	1304587948.8340
144	2336430710.0669	3045299592.1473	4993657.4450	1263167357.8280
145	2285271673.9714	3045299592.1473	4937539.2659	1280906461.1672
146	2431485069.3181	3045299592.1473	3579952.0635	1193410571.0154
147	2443150699.3517	3045299592.1473	3031624.8268	1191647011.9907
148	2325607720.7382	3045299592.1473	6472293.7909	1268955128.1645
149	2267676215.1949	3045299592.1473	4352900.5130	1288940899.7612
150	2353535362.3919	3045299592.1473	4428328.0851	1247505944.0645
151	2421520836.4295	3045299592.1473	5352134.3532	1206537486.5603
152	2392024646.8195	3045299592.1473	3842925.7043	1225597707.0891
153	2246935682.9343	3045299592.1473	3996574.2349	1310295156.5744
154	2416755191.7091	3045299592.1473	4583119.0222	1206872208.1966
155	2249206038.8150	3045299592.1473	3472963.9361	1304192546.9595
156	2272304767.4484	3045299592.1473	5481230.5857	1294529416.0591
157	2278404868.7226	3045299592.1473	3430105.0766	1291855576.1867
158	2394850009.7667	3045299592.1473	4889584.3038	1214960429.3271
159	2314029460.0294	3045299592.1473	4239318.6820	1270745744.4043
160	2374680680.3759	3045299592.1473	3319650.0436	1231328047.9616
161	2386354841.4051	3045299592.1473	5391914.6410	1223514571.6915
162	2372869688.2463	3045299592.1473	4676727.3894	1235310148.1452
163	2346600074.4789	3045299592.1473	4664813.1328	1255210713.6377
164	2333281366.2884	3045299592.1473	3751471.7481	1258351041.7093
165	2401466429.0262	3045299592.1473	3797499.3041	1210323735.1132
166	2448048959.8570	3045299592.1473	4655895.4694	1177218590.4411
167	2380618539.8067	3045299592.1473	2516299.0841	1226636012.6900
168	2393879614.6285	3045299592.1473	4519773.3880	1222555048.4336
169	2425501820.0424	3045299592.1473	3393941.9008	1203664333.3439
170	2421728152.1132	3045299592.1473	6374399.3217	1205203191.1624
171	2324824899.1280	3045299592.1473	2374869.6042	1269884859.5758
172	2353201224.9598	3045299592.1473	2868058.4443	1247693230.0250
173	2271157216.3380	3045299592.1473	6182548.5240	1291145768.9334
174	2317912146.1262	3045299592.1473	3584754.9320	1269723023.4623
175	2318867532.1652	3045299592.1473	4211047.4659	1268509412.3433
176	2433499381.1386	3045299592.1473	5238806.0206	1190344926.6474
177	2381559599.2934	3045299592.1473	6338224.9871	1231053424.1454
178	2344505681.6925	3045299592.1473	6020287.5598	1248235842.6311
179	2372659013.1958	3045299592.1473	4264954.9667	1235434284.8805
180	2396151365.2562	3045299592.1473	5711987.1975	1216930819.3394
181	2309989400.0316	3045299592.1473	4370555.8149	1271075561.0437
182	2296164153.4321	3045299592.1473	5611048.6522	1283522892.1113
183	2264918054.2938	3045299592.1473	3711661.5991	1297220623.6535
184	2282300486.5887	3045299592.1473	3706951.0569	1288847643.4728
185	2245793740.0667	3045299592.1473	4578293.3853	1306249590.8552
186	2297465801.3078	3045299592.1473	3544514.6907	1279200105.6871
187	2362264862.9957	3045299592.1473	6129590.6709	1244659306.5298
188	2274167499.8339	3045299592.1473	5419605.7264	1292738456.1103
189	2424598221.4502	3045299592.1473	4876372.9538	1196955910.4550
190	2407221228.8060	3045299592.1473	4113132.3411	1218182037.1102
191	2401530469.7431	3045299592.1473	2591638.9981	1222007962.0835
192	2298907223.6973	3045299592.1473	3435745.6710	1271702981.2419
193	2294561777.8967	3045299592.1473	4028006.7384	1277595636.8799
194	2339289347.3495	3045299592.1473	2844509.5395	1248023515.8773
195	2316372625.1455	3045299592.1473	3118022.0430	1265363333.6271
196	2413269578.9065	3045299592.1473	4202195.9659	1207208037.4332
197	2387196209.3096	3045299592.1473	5483040.5015	1233958571.3923
198	2320185909.5542	3045299592.1473	3204384.1016	1265589627.8756
199	2424260372.3810	3045299592.1473	4718709.8462	1200799590.1474
200	2393533509.2693	3045299592.1473	4140395.4242	1218777177.6809
201	2387644999.9461	3045299592.1473	4956451.6204	1222217161.3682
202	2330119905.9694	3045299592.1473	2738409.5833	1261823879.4830
203	2395787174.8141	3045299592.1473	4404313.2017	1217306026.2192
204	2377958691.0021	3045299592.1473	5605677.1761	1230712549.1334
205	2305387795.5575	3045299592.1473	3398950.6825	1274202845.7806
206	2359470821.4633	3045299592.1473	3599195.6978	1244649416.1853
207	2278226836.6435	3045299592.1473	4293691.1143	1292584743.6655
208	2287484212.5276	3045299592.1473	5133494.7415	1286977004.2747
209	2250163793.7840	3045299592.1473	6080060.2071	1309370666.1863
210	2337431997.6902	3045299592.1473	5234662.7809	1254085830.9806
211	2352323401.8557	3045299592.1473	3423905.1688	1243778069.1454
212	2417769057.9715	3045299592.1473	2972094.2006	1205095946.3159
213	2349446259.9007	3045299592.1473	3407284.6017	1254618639.6366
214	2425484217.4116	3045299592.1473	4133797.8605	1199042800.4113
215	2358994053.2687	3045299592.1473	5986821.1975	1234276744.7030
216	2369202157.0860	3045299592.1473	4306316.2133	1231789084.0950
217	2360001291.0341	3045299592.1473	4042478.1199	1242317569.8555
218	2357657269.6735	3045299592.1473	3989778.8449	1242484151.1625
219	2365304568.5692	3045299592.1473	5844909.1778	1234185517.2907
220	2298046222.9068	3045299592.1473	5183431.6234	1272023080.7583
221	2351026296.4036	3045299592.1473	3442671.4790	1253203039.2839
222	2413730841.3004	3045299592.1473	5133034.0746	1208069479.5448
223	2418560902.1365	3045299592.1473	2730082.0781	1201764644.4812
224	2357395305.2402	3045299592.1473	4250167.8578	1240968291.2524
225	2323209413.2938	3045299592.1473	3972555.5715	1262537491.7831
226	2301336997.1391	3045299592.1473	5013728.6951	1277116503.7035
227	2337683738.8975	3045299592.1473	5001820.6534	1261438348.8769
228	2365006189.8692	3045299592.1473	5016074.0314	1240407259.2554
229	2307273481.9428	3045299592.1473	3304650.4886	1274911661.5645
230	2341887996.3085	3045299592.1473	4945526.9129	1250025803.5812
231	2334410910.6838	3045299592.1473	4201373.7981	1261139731.8453
232	2353127763.6566	3045299592.1473	3254852.9427	1248535682.0108
233	2342768830.8836	3045299592.1473	4883448.7890	1254885634.8636
234	2351649757.1915	3045299592.1473	3884513.0133	1243872441.2139
235	2382006311.4559	3045299592.1473	5615253.5299	1228029239.9643
236	2276693838.6958	3064654404.5730	4935573.2112	1287069710.9032
237	2326586117.2853	3064654404.5730	4367265.7644	1261964763.6323
238	2276117844.1147	3064654404.5730	4243175.3210	1289292478.7139
239	2365729837.4589	3064654404.5730	4695505.5762	1240989524.4807
240	2308865635.2972	3064654404.5730	3080624.2567	1280760873.1598
241	2146978560.3362	3064654404.5730	4022444.7678	1362432511.9326
242	2271941354.9882	3064654404.5730	5198212.0113	1294728241.9556
243	2367335545.9126	3064654404.5730	3420664.1737	1246462492.5079
244	2294427717.9686	3064654404.5730	4520676.4402	1298768014.3938
245	2375242128.4223	3064654404.5730	4839407.8469	1249176455.4604
246	2308624310.0081	3064654404.5730	3025334.8156	1295550487.1392
247	2280081882.6747	3064654404.5730	3806607.3619	1301355902.8499
248	2399824420.2025	3064654404.5730	5993569.2686	1227709461.2898
249	2338397240.9423	3064654404.5730	4569692.1469	1275668582.1436
250	2438408783.6093	3064654404.5730	5360832.4264	1210342524.6223
251	2355590666.5659	3064654404.5730	5974342.6880	1265324007.6671
252	2334936221.7314	3064654404.5730	4634122.3946	1274948560.7719
253	2399014160.9030	3064654404.5730	4845349.8039	1235184542.7221
254	2412714863.0379	3064654404.5730	4582689.9366	1229220070.2522
255	2356140388.0972	3064654404.5730	3730112.7648	1264152483.0926
256	2386967343.2389	3064654404.5730	3681831.8821	1246573718.0104
257	2243599895.0911	3064654404.5730	3332108.9580	1318868665.3047
258	2392289967.7351	3064654404.5730	5148132.1446	1236292599.5589
259	2264794248.2459	3064654404.5730	3642619.9674	1320644268.7144
260	2429104044.7501	3064654404.5730	3920887.9026	1208816949.3287
261	2352400774.6945	3064654404.5730	5084467.8574	1269700095.1192
262	2307400390.0175	3064654404.5730	6158036.3136	1290158168.4207
263	2411156626.0804	3064654404.5730	5123028.6527	1232281263.5649
264	2281894949.5385	3064654404.5730	4297884.4112	1305874227.5030
265	2442127734.7591	3064654404.5730	7114917.1355	1203867373.2743
266	2359107482.0051	3064654404.5730	2822564.7982	1259488589.9352
267	2326474728.3918	3064654404.5730	4002274.7956	1281092605.7433
268	2414723432.0856	3064654404.5730	3600846.6542	1218015306.2120
269	2319609076.8799	3064654404.5730	5855550.8370	1280410725.3717
270	2444897510.7038	3064654404.5730	6771211.6468	1197854660.6850
271	2359961826.9678	3656378593.9887	5231736.4489	1266263835.3810
272	2421870611.3416	3656378593.9887	4269785.8460	1228993226.8867
273	2340545637.7809	3656378593.9887	3321799.2276	1274700586.7152
274	2390716400.9671	3656378593.9887	5905033.0660	1256029126.4392
275	2389534308.4392	3656378593.9887	6114964.4190	1286298526.5162
276	2455238379.9673	3656378593.9887	3165898.7638	1325634958.4692
277	2467788234.3648	3656378593.9887	4489734.8333	1413627974.5014
278	2600854902.2294	3656378593.9887	6802631.3847	1475919407.8894
279	2738135091.2190	3656378593.9887	4801484.2581	1492040832.1245
280	2826016691.6868	3656378593.9887	3204525.9983	1467323489.7579
281	2862022756.1958	3656378593.9887	4729593.6147	1471821294.2055
282	2753220734.9727	3656378593.9887	3811213.6800	1544087265.3233
283	2749704222.7167	3656378593.9887	3387043.7211	1542687286.2946
284	2808988032.9133	3656378593.9887	4339324.0698	1513472935.6173
285	2838199954.4128	3656378593.9887	4721730.0616	1485650268.1069
286	2883417594.5547	3656378593.9887	4343954.5963	1463326008.3213
287	2788634567.3492	3656378593.9887	3368940.8326	1529706301.3038
288	2811941835.5078	3656378593.9887	4085452.7031	1499672216.5047
289	2836654740.3481	3656378593.9887	5320182.2078	1490295177.0589
290	2851728715.3052	3656378593.9887	5495335.3486	1475568418.5698
291	2948007385.2868	3656378593.9887	3952658.0354	1406875510.0935
292	2770939836.9746	3656378593.9887	3593091.3685	1536680608.5299
293	2615902238.4882	3656378593.9887	5241409.4854	1608837654.0730
294	2766284465.7296	3656378593.9887	4309077.0825	1529815014.7756
295	2708574204.1558	3656378593.9887	5275513.0991	1562580587.7577
296	2771348206.0556	3656378593.9887	4700115.8185	1535580555.7810
297	2881582151.2708	3656378593.9887	3956234.5993	1457142005.7718
298	2733339840.5760	3656378593.9887	3727725.4391	1551690749.7975
299	2647320864.0427	3656378593.9887	5084710.1693	1597380447.5462
300	2747123083.4283	3656378593.9887	3534744.3224	1545489425.6795
301	2789360797.9715	3656378593.9887	5067608.7156	1522194320.9544
302	2718362029.6672	3656378593.9887	6403928.6495	1555664633.4441
303	2710464793.8573	3656378593.9887	4636613.9114	1567426917.6783
304	2657136308.1616	3656378593.9887	4560851.6729	1590671227.4173
305	2833842504.6632	3656378593.9887	3150591.0155	1491660721.2123
306	2831331582.4438	3656378593.9887	5652325.9458	1496184063.7030
307	2790755477.8260	3656378593.9887	3407164.9587	1520435769.7519
308	2902639392.4507	3656378593.9887	3545443.2214	1447237151.4041
309	2794023810.3911	3656378593.9887	4891380.6545	1515585324.4654
310	2879773829.1483	3656378593.9887	4456606.9921	1461350890.0231
311	2732826692.5305	3656378593.9887	4777683.7271	1550074934.9918
312	2777309702.5091	3665416695.8608	5897602.6397	1526636318.1164
313	2765983183.0161	3665416695.8608	4639629.0853	1534873910.5946
314	2722635124.7742	3665416695.8608	3134813.1389	1562086891.1971
315	2867083192.2511	3665416695.8608	4930763.2095	1458159156.6658
316	2763288694.7799	3665416695.8608	4855690.7287	1542592116.6759
317	2887066761.8830	3665416695.8608	4029075.5727	1457435732.1427
318	2743293518.6341	3665416695.8608	4299969.9873	1551380543.3245
319	2749131343.7632	3665416695.8608	3723023.1076	1551435513.1428
320	2847041409.9695	3665416695.8608	4289418.1753	1487693245.3781
321	2761349015.1521	3665416695.8608	3725924.3983	1545542136.0121
322	2693888424.5946	3665416695.8608	4505284.1984	1576398087.2160
323	2691837223.6795	3665416695.8608	5101918.4994	1580794291.4799
324	2811293406.6244	3665416695.8608	4430901.7032	1509529368.9458
325	2789344392.8155	3665416695.8608	3055219.6738	1524147884.8394
326	2734261637.3186	3665416695.8608	5751166.2315	1560729585.8658
327	2781380425.6098	3665416695.8608	5814046.9255	1534519873.4248
328	2680708132.0743	3665416695.8608	3337798.3038	1585302386.2953
329	2706662351.4316	3665416695.8608	2607472.8014	1580110111.2253
330	2889208519.3007	3665416695.8608	3109540.8692	1464758610.5014
331	2903580176.3245	3665416695.8608	4184379.8504	1454392723.9587
332	2770587232.3033	3665416695.8608	5254548.9856	1544384177.4919
333	2931342107.0117	3665416695.8608	5318647.5881	1432255817.5364
334	2771261014.2568	3665416695.8608	5118092.4612	1539532493.6169
335	2844144115.4292	3997360757.3436	3034130.0696	1500419928.9257
336	2736764424.8508	3997360757.3436	4134342.6052	1565830865.8974
337	2919588899.9584	3997360757.3436	4312132.8144	1446180525.3709
338	2778834619.2196	4016323299.8947	3836482.3714	1540455312.0541
339	2827016668.1452	4016323299.8947	7216017.8031	1526329150.5541
340	2823567317.5996	4016323299.8947	4417879.0628	1545244584.2992
341	2966683069.2316	4153887205.6989	6048205.0822	1505069974.4133
342	2839500105.6262	4153887205.6989	5064680.5686	1646590815.2044
343	2886435716.2507	5201909726.7848	2888903.2305	1658375938.8427
344	2986882737.2928	5201909726.7848	5508382.9796	1644733841.8420
345	3054516535.5216	5201909726.7848	3175090.6878	1668616937.3239
346	3103988602.3915	5201909726.7848	3559486.1002	1704501312.6952
347	3218544492.6940	5201909726.7848	4105400.9299	1784215660.2448
348	3365785587.6550	5201909726.7848	4684476.3015	1872166128.5444
349	3546178838.3277	5201909726.7848	5774944.5530	2030106386.2669
350	3792757682.1783	5201909726.7848	4713631.3831	2127689007.3819
351	3834233711.6584	5201909726.7848	5307184.0869	2223767023.0928
352	4156074426.0187	5201909726.7848	4864456.3882	2051869699.1520
353	4084246407.1733	5201909726.7848	5591264.1219	2095742048.0472
354	4023163591.1762	5201909726.7848	4815642.1879	2146383546.3789
355	3969232424.1063	5201909726.7848	5071431.2985	2183319335.2734
356	3908264470.4143	5201909726.7848	4436597.6805	2218962873.8544
357	3899669774.3451	5201909726.7848	3340317.8549	2222309664.6330
358	3957434698.9159	5201909726.7848	4102703.2081	2181346517.5605
359	4054590378.4057	5201909726.7848	4045520.1535	2126470300.3835
360	4178900595.1763	5201909726.7848	5147115.5494	2035607231.9397
361	3922672952.6600	5201909726.7848	5107115.7532	2206928682.3309
362	4077498727.8493	5201909726.7848	4461618.7953	2097800819.6078
363	4030866066.4213	5201909726.7848	3265444.6851	2129947508.4431
364	3906836639.0225	5201909726.7848	4614261.0249	2211584097.9875
365	4057366133.3643	5201909726.7848	6107973.8677	2120696690.6665
366	4019452197.4880	5201909726.7848	4811200.2455	2152756814.3621
367	4186763076.9370	5201909726.7848	4381168.2427	2033732958.0494
368	4149541662.6609	5201909726.7848	3233820.6548	2067035885.2059
369	4075520273.1929	5201909726.7848	5519010.1799	2103637412.3137
370	4098542423.6160	5201909726.7848	3840216.7253	2093546195.7926
371	3915533178.8944	5201909726.7848	4396313.6652	2208275041.0680
372	4004642246.4738	5201909726.7848	5359341.8306	2156639325.7293
373	4005948725.8300	5201909726.7848	4588283.0480	2155150800.8676
374	3921399920.3342	5201909726.7848	5779443.6768	2208286255.5176
375	3954300837.2358	5201909726.7848	5902415.8617	2188939485.0745
376	3857524251.9024	5201909726.7848	3816795.6298	2236553497.1531
377	3953205224.2952	5906371444.6500	3291873.0712	2202381510.7327
378	4046673136.0960	5906371444.6500	4582535.0742	2135178680.7223
379	3998663667.9532	5906371444.6500	4394170.0862	2165271460.0835
380	4121510713.2327	5906371444.6500	4188640.0896	2117209780.5397
381	4068191783.5400	5906371444.6500	4652013.0215	2187071306.5885
382	3926149391.8840	5906371444.6500	3808324.9792	2341696090.6241
383	4256628054.8066	5906371444.6500	3334139.2936	2289627198.5407
384	4368218784.9915	5906371444.6500	5681988.2687	2369979323.0691
385	4446312357.1345	5906371444.6500	3018819.6141	2464227163.7100
386	4639670426.8098	5906371444.6500	5210849.4980	2378714534.7336
387	4401202999.5283	5906371444.6500	3550045.6058	2542179615.3400
388	4522251676.8547	5906371444.6500	4752305.5238	2477619570.5649
389	4557611849.9447	5906371444.6500	5463767.2442	2442040336.3730
390	4581848615.9155	5906371444.6500	4717863.4982	2427236440.2278
391	4597630717.0636	5906371444.6500	3957173.2337	2424198264.5925
392	4753635969.2687	5906371444.6500	6025527.4774	2309431790.1369
393	4591258219.6923	5906371444.6500	3883700.6997	2421967264.7894
394	4493625547.2512	5906371444.6500	5227642.8030	2488157079.8608
395	4428853233.4167	5906371444.6500	5041106.1441	2522948569.7899
396	4553705859.7366	5906371444.6500	3205916.6119	2450775565.7005
397	4553235176.8562	5906371444.6500	3373622.1863	2450195769.2972
398	4659529275.7209	5906371444.6500	3099694.2341	2377428071.6762
399	4502595005.3757	5906371444.6500	5244117.7311	2474105558.0529
400	4620768745.5705	5906371444.6500	6897831.5142	2395686954.8951
401	4548668026.8522	5906371444.6500	4337199.3140	2445291815.7746
402	4489684811.2965	5906371444.6500	5703335.3301	2482713367.3181
403	4550039930.6331	5906371444.6500	4908937.5162	2444266509.0474
404	4658185338.8230	5906371444.6500	5514387.5777	2380014350.5957
405	4407675291.5580	5906371444.6500	5792225.3878	2530436461.7181
406	4413042718.6510	5906371444.6500	5902484.6083	2534204137.4107
407	4391199558.7781	5906371444.6500	6116905.9687	2544515284.0783
408	4364618662.6142	5906371444.6500	4204055.3950	2564329249.4811
409	4467348778.9834	5906371444.6500	3783857.0551	2507086391.1233
410	4515884967.6460	5906371444.6500	6093137.0992	2476653370.2183
411	4496596166.2247	5906371444.6500	4485158.3641	2486872691.8423
412	4725748445.1668	5906371444.6500	4444419.4907	2337627179.7098
413	4670552049.9262	5906371444.6500	7184482.8688	2362263972.5562
414	4510560548.2583	5906371444.6500	6758059.8971	2463331754.3974
415	4327043653.2154	5906371444.6500	4404691.2063	2564123852.2333
416	4474331029.2783	5906371444.6500	3552019.0775	2496366953.5716
417	4506206774.8049	5906371444.6500	4935554.2501	2479949376.7495
418	4355910300.1166	5906371444.6500	2506045.4894	2554917742.0458
419	4564737067.2707	5906371444.6500	4584731.6311	2442619153.8474
420	4450980401.9421	5906371444.6500	3818428.3537	2500528314.0437
421	4534582248.6645	5906371444.6500	4081625.0387	2456592100.0537
422	4418366656.4028	5906371444.6500	4896011.1308	2537607359.7444
423	4559566726.1621	5906371444.6500	6180587.2223	2451667129.7512
424	4741237417.3164	5906371444.6500	4846314.9941	2320364393.0136
425	4281666695.8154	5906371444.6500	4400007.5610	2606590731.3272
426	4479647193.0935	5906371444.6500	6849807.5735	2499324718.7133
427	4506604338.9036	5906371444.6500	3343868.5599	2479067278.4902
428	4592488627.9335	5906371444.6500	3434566.5430	2420035342.2259
429	4482470540.3428	5906371444.6500	3138715.3025	2494522141.6053
430	4488369154.1407	5906371444.6500	5467416.0456	2485999259.2024
431	4654737116.8702	5906371444.6500	3898454.2750	2386106829.0458
432	4483092813.9337	5906371444.6500	6204736.5444	2493493661.8499
433	4514413067.2406	5906371444.6500	4069327.1345	2466746139.6011
434	4511355871.3544	5906371444.6500	4595276.1134	2471649058.7770
435	4538368091.8714	5906371444.6500	3928999.7344	2462707063.9905
436	4495950145.4332	5906371444.6500	3987449.4766	2484302764.2782
437	4621680683.4216	5906371444.6500	3682306.3816	2407258352.7524
438	4518740952.8999	5906371444.6500	5719163.3318	2458693234.0458
439	4514697604.0381	5906371444.6500	4116236.6721	2478136440.5761
440	4483538188.4921	5906371444.6500	4641258.3321	2492581414.4636
441	4591279630.1115	5906371444.6500	6040569.4102	2422353270.0123
442	4483612565.1491	5906371444.6500	6011484.2805	2493175541.9169
443	4559206225.9323	5906371444.6500	5271250.0348	2440043029.4174
444	4491755291.6962	5906371444.6500	4386229.6152	2491363559.1172
445	4448818242.6197	5906371444.6500	3728545.8561	2512701482.9311
446	4640324113.3856	5906371444.6500	4102988.7862	2399225094.1800
447	4629838012.0979	5906371444.6500	4857510.7165	2392502591.6763
448	4594947705.5379	5906371444.6500	4872814.5198	2418569732.0655
449	4570685521.4449	5906371444.6500	4423475.1902	2435471326.0934
450	4712800791.4985	5906371444.6500	2951886.3232	2336175556.8538
451	4470241526.4742	5906371444.6500	3722790.6179	2502123868.3559
452	4518351564.7022	5906371444.6500	4875551.2803	2471763840.3865
453	4491302585.5220	5906371444.6500	2564626.0415	2492728779.1397
454	4588866874.8868	5906371444.6500	4532643.3396	2426194853.9714
455	4526628424.6505	5906371444.6500	4964800.9358	2458504444.6420
456	4593687656.4019	5906371444.6500	4100738.4488	2410306303.1283
457	4458715946.4776	5906371444.6500	3687294.4077	2509179948.3816
458	4530452008.0813	5906371444.6500	6344423.2585	2464778855.3542
459	4348359904.4812	5906371444.6500	3541194.8896	2575972095.2360
460	4634558679.2221	5906371444.6500	5101457.0555	2396785067.0084
461	4598214862.8057	5906371444.6500	3826136.9194	2422876877.8332
462	4603985905.8757	5906371444.6500	4492412.4501	2425070606.3707
463	4510579429.5021	5906371444.6500	2523937.5395	2462774490.0612
464	4273847681.4348	5906371444.6500	4886845.3365	2608353140.7938
465	4503194470.3000	5906371444.6500	4733255.3994	2484799117.3134
466	4662819076.3382	5906371444.6500	4928861.5554	2371873290.3454
467	4462919156.0050	5906371444.6500	5286157.9855	2502893720.8768
468	4340274400.1670	5906371444.6500	3811391.7253	2564948590.6665
469	4567935868.7279	5906371444.6500	4239434.2909	2435300564.8062
470	4634163126.2207	5906371444.6500	4653803.5279	2397410109.3099
471	4646348623.4893	5906371444.6500	4601269.1841	2389116391.3718
472	4435675092.9155	5906371444.6500	5908428.0746	2522172905.7451
473	4397625620.7087	5906371444.6500	6105901.8115	2535793227.6017
474	4709574550.9074	5906371444.6500	5568551.8983	2350615027.7393
475	4552188202.1694	5906371444.6500	4558306.9797	2451613078.6971
476	4611332262.5991	5906371444.6500	6839792.1491	2413525108.8817
477	4216422748.9373	5906371444.6500	4067167.0977	2634439855.0532
478	4522518051.9477	5906371444.6500	4472269.4218	2466483874.3260
479	4627299489.9302	5906371444.6500	3864441.0945	2397385295.6543
480	4547601067.1729	5906371444.6500	3446393.5224	2459614807.4658
481	4590847973.0765	5906371444.6500	6861342.2929	2422520582.3342
482	4637190571.5900	5906371444.6500	3816781.8483	2391903486.8152
483	4108604881.1832	5906371444.6500	4776579.5118	2672953769.2348
484	4553599070.3286	5906371444.6500	5648411.0649	2449523077.1424
485	4371864636.9685	5906371444.6500	4784308.7466	2551885372.8624
486	4417903982.5920	5906371444.6500	3483795.6903	2528379106.1057
487	4557408375.5816	5906371444.6500	4196597.6663	2445759405.1154
488	4489770566.9927	5906371444.6500	5886033.8835	2494716115.4783
489	4610249322.7687	5906371444.6500	2904391.7566	2414337315.6025
490	4616553838.5989	5906371444.6500	3329033.4052	2403259359.3268
491	4443452435.4114	5906371444.6500	4587559.0717	2509057321.2002
492	4438310397.8114	5906371444.6500	4904133.1742	2518334157.1832
493	4477401806.9508	5906371444.6500	6078088.9053	2490795323.2664
494	4623704942.1528	5906371444.6500	3847832.8729	2403425466.7281
495	4487400099.1640	5906371444.6500	5225658.7523	2499140386.5420
496	4533235045.9949	5906371444.6500	3527031.7876	2471430854.4930
497	4577443272.7070	5906371444.6500	3919206.2582	2434129432.4206
498	4511050700.6465	5906371444.6500	3511779.5492	2469401590.9906
499	4727824362.5946	5906371444.6500	5661765.9458	2329566004.3695
