20.00 20.00 20.00 40.00 40.00 20.00 40.00 40.00 34.99 22.97 34.47 32.95 44.70 22.92 45.61 33.56 49.97 25.94 48.94 25.91 49.41 25.83 51.22 27.12 64.96 28.90 63.41 18.86 54.11 28.75 56.83 20.68 79.95 31.87 77.89 11.81 58.81 31.67 62.44 14.24 94.93 34.84 92.36 4.77 63.51 34.58 68.05 7.80

20.00 20.00 20.00 40.00 40.00 20.00 40.00 40.00 36.44 23.15 37.33 33.18 47.01 23.48 46.63 32.86 52.88 26.30 54.65 26.36 54.02 26.96 53.27 25.73 69.32 29.45 71.98 19.54 61.03 30.45 59.90 18.59 85.76 32.60 89.31 12.73 68.05 33.93 66.53 11.46 102.20 35.75 106.63 5.91 75.06 37.41 73.17 4.32

20.00 20.00 20.00 40.00 40.00 20.00 40.00 40.00 36.03 26.47 36.08 36.56 46.45 26.58 46.11 36.49 52.07 32.93 52.16 33.13 52.91 33.15 52.22 32.99 68.10 39.40 68.24 29.69 59.36 39.73 58.34 29.48 84.14 45.86 84.32 26.25 65.82 46.30 64.45 25.98 100.17 52.33 100.40 22.81 72.27 52.88 70.56 22.47

20.00 20.00 20.00 40.00 40.00 20.00 40.00 40.00 33.65 22.35 34.02 35.72 47.18 22.37 47.20 35.71 47.29 24.69 48.04 31.43 54.35 24.75 54.40 31.42 60.94 27.04 62.05 27.15 61.53 27.12 61.60 27.13 74.59 29.38 76.07 22.87 68.71 29.50 68.80 22.85 88.23 31.73 90.09 18.59 75.89 31.87 76.00 18.56

20.00 20.00 20.00 40.00 40.00 20.00 40.00 40.00 39.43 19.99 36.92 34.45 52.43 21.17 52.16 34.49 58.86 19.97 53.84 28.90 64.85 22.34 64.32 28.97 78.29 19.96 70.77 23.34 77.28 23.51 76.48 23.46 97.72 19.94 87.69 17.79 89.70 24.68 88.65 17.95 117.15 19.93 104.61 12.24 102.13 25.85 100.81 12.44

20.00 20.00 20.00 40.00 40.00 20.00 40.00 40.00 36.74 25.45 36.75 35.23 47.02 25.41 45.77 35.32 53.49 30.90 53.49 30.46 54.04 30.82 51.54 30.64 70.23 36.35 70.24 25.69 61.06 36.23 57.31 25.96 86.98 41.80 86.99 20.92 68.08 41.64 63.07 21.28 103.72 47.25 103.73 16.15 75.10 47.06 68.84 16.60

20.00 20.00 20.00 40.00 40.00 20.00 40.00 40.00 36.77 26.26 37.11 36.21 46.98 26.16 47.47 35.99 53.53 32.53 54.22 32.42 53.97 32.31 54.95 31.99 70.30 38.79 71.33 28.63 60.95 38.47 62.42 27.98 87.06 45.05 88.45 24.84 67.93 44.62 69.89 23.97 103.83 51.32 105.56 21.05 74.91 50.78 77.37 19.97

20.00 20.00 20.00 40.00 40.00 20.00 40.00 40.00 37.13 20.45 37.27 35.44 52.35 20.43 52.30 35.43 54.26 20.90 54.55 30.88 64.70 20.85 64.60 30.85 71.39 21.35 71.82 26.32 77.05 21.28 76.90 26.28 88.52 21.80 89.09 21.76 89.41 21.70 89.20 21.71 105.65 22.25 106.36 17.20 101.76 22.13 101.50 17.14

20.00 20.00 20.00 40.00 40.00 20.00 40.00 40.00 30.36 21.51 28.80 38.19 45.47 21.75 44.61 38.31 40.72 23.03 37.60 36.37 50.95 23.50 49.21 36.61 51.09 24.54 46.39 34.56 56.42 25.25 53.82 34.92 61.45 26.05 55.19 32.75 61.90 27.00 58.43 33.22 71.81 27.57 63.99 30.93 67.37 28.75 63.04 31.53

20.00 20.00 20.00 40.00 40.00 20.00 40.00 40.00 34.86 21.10 35.37 33.92 49.71 19.93 47.97 34.70 49.72 22.20 50.73 27.85 59.41 19.86 55.94 29.41 64.58 23.30 66.10 21.77 69.12 19.79 63.91 24.11 79.44 24.40 81.46 15.70 78.82 19.72 71.88 18.82 94.30 25.49 96.83 9.62 88.53 19.65 79.85 13.52

20.00 20.00 20.00 40.00 40.00 20.00 40.00 40.00 37.88 24.70 37.86 34.81 47.44 25.02 47.93 34.74 55.75 29.41 55.72 29.63 54.88 30.05 55.85 29.47 73.63 34.11 73.58 24.44 62.33 35.07 63.78 24.21 91.51 38.82 91.44 19.26 69.77 40.10 71.71 18.95 109.38 43.52 109.30 14.07 77.21 45.12 79.63 13.68

20.00 20.00 20.00 40.00 40.00 20.00 40.00 40.00 35.06 24.91 35.09 34.85 45.02 24.95 45.24 34.71 50.11 29.83 50.18 29.70 50.04 29.90 50.48 29.41 65.17 34.74 65.27 24.54 55.06 34.86 55.72 24.12 80.23 39.65 80.36 19.39 60.08 39.81 60.96 18.82 95.28 44.57 95.45 14.24 65.10 44.76 66.20 13.53

20.00 20.00 20.00 40.00 40.00 20.00 40.00 40.00 32.09 25.19 30.30 41.70 46.33 26.78 46.12 40.31 44.18 30.38 40.60 43.40 52.66 33.57 52.24 40.62 56.27 35.58 50.90 45.10 58.99 40.35 58.36 40.93 68.36 40.77 61.20 46.79 65.33 47.14 64.48 41.24 80.45 45.96 71.50 48.49 71.66 53.92 70.61 41.55

20.00 20.00 20.00 40.00 40.00 20.00 40.00 40.00 38.06 20.06 38.37 32.37 52.20 18.61 51.45 32.64 56.12 20.13 56.73 24.74 64.41 17.22 62.90 25.28 74.19 20.19 75.10 17.11 76.61 15.83 74.35 17.91 92.25 20.26 93.46 9.48 88.82 14.44 85.80 10.55 110.31 20.32 111.83 1.85 101.02 13.05 97.26 3.19

20.00 20.00 20.00 40.00 40.00 20.00 40.00 40.00 30.02 24.37 30.17 39.08 45.38 24.02 45.13 39.18 40.03 28.73 40.33 38.16 50.76 28.04 50.26 38.35 50.05 33.10 50.50 37.24 56.14 32.06 55.39 37.53 60.06 37.46 60.66 36.31 61.52 36.07 60.52 36.70 70.08 41.83 70.83 35.39 66.90 40.09 65.65 35.88

20.00 20.00 20.00 40.00 40.00 20.00 40.00 40.00 36.95 25.59 37.20 35.40 47.15 25.46 47.00 35.60 53.91 31.17 54.40 30.80 54.29 30.91 54.00 31.19 70.86 36.76 71.61 26.20 61.44 36.37 61.00 26.79 87.82 42.34 88.81 21.60 68.58 41.82 68.01 22.39 104.77 47.93 106.01 16.99 75.73 47.28 75.01 17.99

20.00 20.00 20.00 40.00 40.00 20.00 40.00 40.00 38.67 23.47 38.51 37.07 53.57 21.24 51.61 37.47 57.34 26.94 57.03 34.15 67.14 22.48 63.23 34.94 76.00 30.41 75.54 31.22 80.70 23.73 74.84 32.41 94.67 33.88 94.05 28.29 94.27 24.97 86.45 29.88 113.34 37.36 112.56 25.37 107.84 26.21 98.06 27.35

20.00 20.00 20.00 40.00 40.00 20.00 40.00 40.00 36.81 24.03 37.12 36.98 49.93 24.24 50.30 37.22 53.63 28.06 54.25 33.96 59.86 28.47 60.60 34.45 70.44 32.10 71.37 30.94 69.80 32.71 70.90 31.67 87.25 36.13 88.49 27.92 79.73 36.95 81.20 28.89 104.07 40.16 105.61 24.90 89.66 41.18 91.51 26.12

20.00 20.00 20.00 40.00 40.00 20.00 40.00 40.00 38.56 20.16 37.37 35.84 53.68 19.88 52.50 35.55 57.11 20.32 54.74 31.68 67.37 19.75 64.99 31.10 75.67 20.48 72.11 27.52 81.05 19.63 77.49 26.65 94.22 20.64 89.48 23.36 94.74 19.50 89.99 22.21 112.78 20.80 106.85 19.20 108.42 19.38 102.49 17.76

20.00 20.00 20.00 40.00 40.00 20.00 40.00 40.00 34.85 21.06 34.87 34.38 48.21 21.03 48.25 34.27 49.70 22.12 49.75 28.75 56.42 22.07 56.50 28.54 64.54 23.18 64.62 23.13 64.64 23.10 64.76 22.81 79.39 24.24 79.50 17.51 72.85 24.14 73.01 17.08 94.24 25.30 94.37 11.88 81.06 25.17 81.26 11.35

20.00 20.00 20.00 40.00 40.00 20.00 40.00 40.00 32.19 26.78 32.18 40.19 47.94 24.17 46.89 41.76 44.39 33.57 44.37 40.39 55.88 28.34 53.78 43.51 56.58 40.35 56.55 40.58 63.81 32.52 60.68 45.27 68.77 47.14 68.74 40.78 71.75 36.69 67.57 47.02 80.96 53.92 80.92 40.97 79.69 40.86 74.46 48.78

20.00 20.00 20.00 40.00 40.00 20.00 40.00 40.00 38.18 19.98 38.26 32.95 51.12 19.65 51.07 33.34 56.36 19.97 56.52 25.89 62.25 19.30 62.15 26.69 74.54 19.95 74.78 18.84 73.37 18.95 73.22 20.03 92.71 19.94 93.04 11.78 84.50 18.59 84.29 13.37 110.89 19.92 111.31 4.73 95.62 18.24 95.37 6.71

20.00 20.00 20.00 40.00 40.00 20.00 40.00 40.00 38.21 24.80 38.07 35.64 48.26 25.51 48.30 35.37 56.41 29.61 56.15 31.28 56.51 31.02 56.61 30.74 74.62 34.41 74.22 26.91 64.77 36.53 64.91 26.11 92.82 39.21 92.29 22.55 73.02 42.05 73.21 21.48 111.03 44.01 110.36 18.19 81.28 47.56 81.52 16.85

20.00 20.00 20.00 40.00 40.00 20.00 40.00 40.00 32.27 22.29 32.34 35.43 45.66 22.11 45.70 35.38 44.55 24.59 44.68 30.86 51.31 24.22 51.40 30.76 56.82 26.88 57.02 26.29 56.97 26.33 57.11 26.14 69.10 29.18 69.36 21.72 62.63 28.44 62.81 21.52 81.37 31.47 81.70 17.15 68.28 30.54 68.51 16.90

20.00 20.00 20.00 40.00 40.00 20.00 40.00 40.00 38.36 25.02 38.70 41.31 54.36 24.33 54.70 41.25 56.72 30.03 57.40 42.63 68.72 28.66 69.41 42.49 75.08 35.05 76.09 43.94 83.08 32.99 84.11 43.74 93.44 40.07 94.79 45.26 97.44 37.31 98.82 44.98 111.80 45.08 113.49 46.57 111.80 41.64 113.52 46.23

20.00 20.00 20.00 40.00 40.00 20.00 40.00 40.00 39.40 22.90 39.31 39.19 53.67 22.16 53.64 35.24 58.79 25.79 58.62 38.38 67.34 24.33 67.28 30.48 78.19 28.69 77.93 37.56 81.01 26.49 80.92 25.72 97.59 31.58 97.24 36.75 94.67 28.65 94.56 20.96 116.99 34.48 116.55 35.94 108.34 30.82 108.20 16.20

20.00 20.00 20.00 40.00 40.00 20.00 40.00 40.00 32.20 25.67 32.02 40.13 45.39 26.58 45.55 38.93 44.40 31.33 44.04 40.26 50.77 33.17 51.10 37.86 56.59 37.00 56.06 40.39 56.16 39.75 56.65 36.78 68.79 42.67 68.08 40.52 61.54 46.34 62.21 35.71 80.99 48.33 80.10 40.65 66.93 52.92 67.76 34.64

20.00 20.00 20.00 40.00 40.00 20.00 40.00 40.00 36.39 23.03 36.38 38.10 51.38 23.10 51.37 38.17 52.79 26.05 52.76 36.21 62.75 26.20 62.73 36.34 69.18 29.08 69.14 34.31 74.13 29.29 74.10 34.51 85.58 32.10 85.52 32.41 85.51 32.39 85.46 32.68 101.97 35.13 101.90 30.51 96.88 35.49 96.83 30.85

20.00 20.00 20.00 40.00 40.00 20.00 40.00 40.00 35.07 20.63 35.08 33.77 48.63 23.05 48.15 34.98 50.14 21.26 50.15 27.53 57.27 26.09 56.30 29.97 65.20 21.89 65.23 21.30 65.90 29.14 64.46 24.95 80.27 22.52 80.31 15.07 74.54 32.18 72.61 19.94 95.34 23.14 95.39 8.83 83.17 35.23 80.76 14.92

20.00 20.00 20.00 40.00 40.00 20.00 40.00 40.00 35.41 21.88 34.01 32.16 45.42 21.97 44.74 36.02 50.81 23.76 48.02 24.32 50.83 23.95 49.49 32.04 66.22 25.64 62.03 16.48 56.25 25.92 54.23 28.06 81.62 27.52 76.04 8.64 61.67 27.90 58.98 24.08 97.03 29.40 90.05 0.80 67.08 29.87 63.72 20.09

20.00 20.00 20.00 40.00 40.00 20.00 40.00 40.00 38.00 27.76 37.93 37.52 47.93 27.83 47.95 37.57 56.00 35.52 55.86 35.04 55.86 35.65 55.90 35.14 74.01 43.28 73.79 32.56 63.78 43.48 63.85 32.71 92.01 51.04 91.72 30.07 71.71 51.31 71.80 30.28 110.01 58.80 109.65 27.59 79.64 59.14 79.75 27.85

20.00 20.00 20.00 40.00 40.00 20.00 40.00 40.00 36.26 27.70 36.44 41.04 46.24 27.80 46.45 41.06 52.52 35.41 52.89 42.07 52.48 35.60 52.89 42.11 68.78 43.11 69.33 43.11 58.72 43.40 59.34 43.17 85.03 50.82 85.78 44.15 64.96 51.20 65.78 44.23 101.29 58.52 102.22 45.19 71.19 59.00 72.23 45.28

