20.00 20.00 20.00 40.00 40.00 20.00 40.00 40.00 35.34 22.36 34.94 36.85 49.03 21.67 52.49 37.09 50.69 24.72 49.88 33.70 58.05 23.34 64.99 34.19 66.03 27.09 64.83 30.55 67.08 25.01 77.48 31.28 81.38 29.45 79.77 27.39 76.11 26.68 89.97 28.38 96.72 31.81 94.71 24.24 85.13 28.35 102.47 25.47

20.00 20.00 20.00 40.00 40.00 20.00 40.00 40.00 31.01 20.57 34.78 35.57 49.16 20.44 49.02 35.38 42.03 21.14 49.55 31.15 58.33 20.87 58.04 30.77 53.04 21.70 64.33 26.72 67.49 21.31 67.06 26.15 64.06 22.27 79.11 22.30 76.66 21.75 76.08 21.53 75.07 22.84 93.88 17.87 85.82 22.19 85.10 16.92

20.00 20.00 20.00 40.00 40.00 20.00 40.00 40.00 28.03 22.15 30.01 37.51 44.08 22.15 44.68 37.46 36.07 24.29 40.02 35.03 48.15 24.30 49.36 34.93 44.10 26.44 50.03 32.54 52.23 26.45 54.05 32.39 52.14 28.58 60.04 30.06 56.31 28.60 58.73 29.85 60.17 30.73 70.05 27.57 60.39 30.75 63.41 27.32

20.00 20.00 20.00 40.00 40.00 20.00 40.00 40.00 34.14 24.41 38.69 37.76 51.89 24.41 48.54 37.75 48.28 28.82 57.37 35.52 63.77 28.83 57.08 35.51 62.42 33.23 76.06 33.28 75.66 33.24 65.62 33.26 76.56 37.64 94.75 31.04 87.55 37.65 74.16 31.01 90.70 42.05 113.43 28.80 99.43 42.07 82.71 28.77

20.00 20.00 20.00 40.00 40.00 20.00 40.00 40.00 32.70 23.99 28.96 40.79 45.13 24.28 44.43 40.43 45.40 27.99 37.92 41.58 50.25 28.56 48.86 40.85 58.10 31.98 46.89 42.37 55.38 32.84 53.29 41.28 70.80 35.98 55.85 43.16 60.50 37.12 57.71 41.70 83.50 39.97 64.81 43.95 65.63 41.40 62.14 42.13

20.00 20.00 20.00 40.00 40.00 20.00 40.00 40.00 31.92 25.99 33.83 40.07 48.41 25.82 47.40 39.99 43.84 31.97 47.66 40.14 56.81 31.65 54.80 39.99 55.75 37.96 61.49 40.21 65.22 37.47 62.21 39.98 67.67 43.95 75.33 40.28 73.63 43.30 69.61 39.97 79.59 49.94 89.16 40.35 82.03 49.12 77.01 39.97

20.00 20.00 20.00 40.00 40.00 20.00 40.00 40.00 39.68 20.58 36.48 35.75 54.72 20.56 54.00 35.18 59.35 21.17 52.96 31.50 69.44 21.13 67.99 30.36 79.03 21.75 69.44 27.24 84.15 21.69 81.99 25.55 98.70 22.33 85.92 22.99 98.87 22.26 95.99 20.73 118.38 22.92 102.40 18.74 113.59 22.82 109.99 15.91

20.00 20.00 20.00 40.00 40.00 20.00 40.00 40.00 35.72 23.18 33.79 38.21 49.10 23.17 50.81 38.13 51.45 26.35 47.59 36.41 58.20 26.34 61.63 36.25 67.17 29.53 61.38 34.62 67.30 29.51 72.44 34.38 82.89 32.70 75.18 32.82 76.41 32.68 83.26 32.51 98.61 35.88 88.97 31.03 85.51 35.85 94.07 30.63

20.00 20.00 20.00 40.00 40.00 20.00 40.00 40.00 29.95 27.73 30.25 42.63 50.07 22.93 45.63 39.52 39.89 35.45 40.50 45.26 60.14 25.87 51.26 39.05 49.84 43.18 50.75 47.89 70.21 28.80 56.89 38.57 59.78 50.90 61.00 50.51 80.28 31.73 62.53 38.09 69.73 58.63 71.25 53.14 90.35 34.66 68.16 37.62

20.00 20.00 20.00 40.00 40.00 20.00 40.00 40.00 37.13 20.90 34.33 37.34 52.52 19.94 52.39 35.11 54.25 21.80 48.66 34.68 65.05 19.88 64.78 30.21 71.38 22.70 62.99 32.02 77.57 19.82 77.16 25.32 88.50 23.60 77.32 29.37 90.10 19.76 89.55 20.42 105.63 24.50 91.65 26.71 102.62 19.70 101.94 15.53

20.00 20.00 20.00 40.00 40.00 20.00 40.00 40.00 36.24 21.91 33.75 38.55 51.02 20.98 50.87 37.07 52.48 23.81 47.49 37.10 62.04 21.97 61.75 34.14 68.72 25.72 61.24 35.65 73.07 22.95 72.62 31.21 84.96 27.62 74.99 34.21 84.09 23.94 83.49 28.28 101.20 29.53 88.73 32.76 95.11 24.92 94.37 25.35

20.00 20.00 20.00 40.00 40.00 20.00 40.00 40.00 38.95 20.14 36.38 36.85 54.18 19.02 54.01 35.08 57.91 20.27 52.76 33.70 68.36 18.04 68.01 30.16 76.86 20.41 69.14 30.56 82.53 17.06 82.02 25.24 95.81 20.54 85.51 27.41 96.71 16.08 96.02 20.32 114.76 20.68 101.89 24.26 110.89 15.10 110.03 15.41

20.00 20.00 20.00 40.00 40.00 20.00 40.00 40.00 34.99 23.93 39.24 34.73 54.52 19.13 49.88 39.24 49.99 27.86 58.48 29.47 69.03 18.27 59.76 38.48 64.98 31.79 77.72 24.20 83.55 17.40 69.65 37.72 79.98 35.72 96.95 18.93 98.07 16.53 79.53 36.96 94.97 39.65 116.19 13.67 112.59 15.67 89.41 36.20

20.00 20.00 20.00 40.00 40.00 20.00 40.00 40.00 35.95 21.90 34.35 37.10 48.72 23.64 47.44 38.16 51.90 23.81 48.71 34.20 57.44 27.28 54.88 36.32 67.84 25.71 63.06 31.29 66.15 30.92 62.32 34.48 83.79 27.61 77.42 28.39 74.87 34.56 69.76 32.63 99.74 29.51 91.77 25.49 83.59 38.20 77.20 30.79

20.00 20.00 20.00 40.00 40.00 20.00 40.00 40.00 35.32 23.42 36.60 35.42 51.98 20.03 48.51 37.16 50.64 26.83 53.19 30.85 63.96 20.07 57.02 34.31 65.97 30.25 69.79 26.27 75.94 20.10 65.53 31.47 81.29 33.67 86.39 21.70 87.92 20.13 74.04 28.62 96.61 37.08 102.98 17.12 99.90 20.16 82.55 25.78

20.00 20.00 20.00 40.00 40.00 20.00 40.00 40.00 39.34 17.78 37.97 34.90 55.30 17.81 55.29 32.81 58.68 15.56 55.94 29.80 70.59 15.62 70.59 25.62 78.03 13.34 73.91 24.70 85.89 13.43 85.88 18.44 97.37 11.12 91.88 19.60 101.19 11.24 101.18 11.25 116.71 8.90 109.85 14.50 116.49 9.05 116.47 4.06

20.00 20.00 20.00 40.00 40.00 20.00 40.00 40.00 39.47 17.50 38.11 34.85 55.26 17.84 53.28 35.31 58.94 15.01 56.21 29.70 70.53 15.67 66.57 30.63 78.42 12.51 74.32 24.55 85.79 13.51 79.85 25.94 97.89 10.02 92.42 19.39 101.06 11.35 93.13 21.25 117.36 7.52 110.53 14.24 116.32 9.18 106.42 16.57

20.00 20.00 20.00 40.00 40.00 20.00 40.00 40.00 39.99 19.38 37.04 35.67 53.29 19.42 51.18 38.36 59.98 18.77 54.08 31.35 66.58 18.84 62.36 36.73 79.97 18.15 71.12 27.02 79.86 18.26 73.54 35.09 99.97 17.53 88.17 22.69 93.15 17.68 84.73 33.45 119.96 16.92 105.21 18.37 106.44 17.10 95.91 31.82

20.00 20.00 20.00 40.00 40.00 20.00 40.00 40.00 35.08 25.00 33.19 42.81 51.14 24.86 49.82 40.83 50.16 30.01 46.37 45.63 62.28 29.73 59.63 41.66 65.24 35.01 59.56 48.44 73.42 34.59 69.45 42.49 80.33 40.02 72.75 51.25 84.56 39.45 79.27 43.32 95.41 45.02 85.94 54.06 95.70 44.31 89.08 44.15

20.00 20.00 20.00 40.00 40.00 20.00 40.00 40.00 34.20 25.07 34.15 38.53 51.02 21.74 50.22 38.42 48.40 30.14 48.30 37.05 62.03 23.47 60.44 36.85 62.61 35.21 62.45 35.58 73.05 25.21 70.66 35.27 76.81 40.28 76.60 34.11 84.06 26.95 80.89 33.69 91.01 45.35 90.75 32.64 95.08 28.68 91.11 32.12

20.00 20.00 20.00 40.00 40.00 20.00 40.00 40.00 29.57 21.07 29.37 37.47 46.36 19.15 45.01 36.89 39.14 22.14 38.74 34.93 52.72 18.31 50.01 33.78 48.71 23.22 48.11 32.40 59.08 17.46 55.02 30.68 58.28 24.29 57.49 29.87 65.45 16.61 60.03 27.57 67.86 25.36 66.86 27.33 71.81 15.76 65.04 24.46

20.00 20.00 20.00 40.00 40.00 20.00 40.00 40.00 35.77 18.58 35.01 34.92 51.05 16.31 48.34 34.93 51.54 17.16 50.02 29.85 62.10 12.63 56.68 29.85 67.30 15.74 65.04 24.77 73.15 8.94 65.02 24.78 83.07 14.32 80.05 19.69 84.20 5.26 73.36 19.71 98.84 12.90 95.06 14.62 95.25 1.57 81.70 14.64

20.00 20.00 20.00 40.00 40.00 20.00 40.00 40.00 31.27 16.87 31.23 32.98 46.52 17.55 46.56 32.71 42.54 13.74 42.46 25.96 53.04 15.10 53.13 25.41 53.82 10.61 53.69 18.94 59.56 12.64 59.69 18.12 65.09 7.48 64.92 11.92 66.08 10.19 66.26 10.82 76.36 4.35 76.15 4.90 72.60 7.74 72.82 3.53

20.00 20.00 20.00 40.00 40.00 20.00 40.00 40.00 31.43 23.20 31.12 39.75 47.37 23.36 47.35 38.39 42.85 26.40 42.24 39.50 54.74 26.72 54.69 36.78 54.28 29.59 53.36 39.26 62.11 30.07 62.04 35.17 65.70 32.79 64.48 39.01 69.48 33.43 69.39 33.56 77.13 35.99 75.60 38.76 76.85 36.79 76.74 31.96

20.00 20.00 20.00 40.00 40.00 20.00 40.00 40.00 37.60 26.70 37.43 37.46 50.90 21.05 50.95 36.32 55.19 33.39 54.86 34.91 61.80 22.10 61.89 32.63 72.79 40.09 72.30 32.37 72.70 23.14 72.84 28.95 90.39 46.78 89.73 29.83 83.59 24.19 83.79 25.27 107.99 53.48 107.16 27.28 94.49 25.24 94.73 21.58

20.00 20.00 20.00 40.00 40.00 20.00 40.00 40.00 37.67 17.39 37.62 33.32 51.44 22.57 51.42 32.12 55.33 14.79 55.24 26.65 62.88 25.14 62.84 24.25 73.00 12.18 72.87 19.97 74.32 27.70 74.26 16.37 90.66 9.57 90.49 13.30 85.76 30.27 85.68 8.49 108.33 6.97 108.11 6.62 97.20 32.84 97.10 0.62

20.00 20.00 20.00 40.00 40.00 20.00 40.00 40.00 37.47 18.46 37.49 34.55 52.86 20.61 52.52 34.66 54.93 16.92 54.98 29.09 65.73 21.23 65.04 29.33 72.40 15.38 72.47 23.64 78.59 21.84 77.55 23.99 89.86 13.84 89.96 18.19 91.46 22.45 90.07 18.66 107.33 12.31 107.44 12.74 104.32 23.07 102.59 13.32

20.00 20.00 20.00 40.00 40.00 20.00 40.00 40.00 39.14 17.99 39.14 33.87 54.17 20.33 54.14 33.89 58.28 15.98 58.27 27.75 68.33 20.67 68.27 27.77 77.42 13.97 77.41 21.62 82.50 21.00 82.41 21.66 96.56 11.97 96.55 15.49 96.67 21.33 96.55 15.55 115.71 9.96 115.68 9.36 110.84 21.67 110.69 9.43

20.00 20.00 20.00 40.00 40.00 20.00 40.00 40.00 34.04 20.84 33.85 35.45 49.16 21.36 48.33 39.96 48.08 21.68 47.69 30.90 58.33 22.73 56.65 39.93 62.12 22.51 61.54 26.35 67.49 24.09 64.98 39.89 76.16 23.35 75.39 21.80 76.65 25.45 73.30 39.85 90.20 24.19 89.23 17.25 85.82 26.82 81.63 39.81

20.00 20.00 20.00 40.00 40.00 20.00 40.00 40.00 38.02 23.05 38.05 38.23 51.68 17.86 51.67 33.80 56.04 26.10 56.10 36.45 63.35 15.72 63.34 27.59 74.06 29.14 74.16 34.68 75.03 13.59 75.02 21.39 92.09 32.19 92.21 32.90 86.71 11.45 86.69 15.18 110.11 35.24 110.26 31.13 98.38 9.31 98.36 8.98

20.00 20.00 20.00 40.00 40.00 20.00 40.00 40.00 34.38 23.71 34.38 33.74 47.01 24.40 47.05 40.20 48.77 27.42 48.76 27.48 54.03 28.79 54.09 40.40 63.15 31.13 63.14 21.23 61.04 33.19 61.14 40.60 77.54 34.84 77.51 14.97 68.06 37.59 68.18 40.80 91.92 38.55 91.89 8.71 75.07 41.98 75.23 41.00

20.00 20.00 20.00 40.00 40.00 20.00 40.00 40.00 36.87 23.11 36.86 38.06 50.94 26.37 50.94 41.49 53.73 26.22 53.71 36.12 61.89 32.74 61.89 42.97 70.60 29.33 70.57 34.17 72.83 39.11 72.83 44.46 87.47 32.43 87.43 32.23 83.78 45.48 83.78 45.95 104.33 35.54 104.29 30.29 94.72 51.85 94.72 47.43
