=== Cenário B ===
gen	avg	max	min	std
0	9003.1764	486868.2087	0.0000	31167.0281
1	18665.8692	1264505.6236	0.0000	75782.2245
2	36403.5064	1264505.6236	0.0000	111699.8051
3	69391.5981	1264505.6236	0.0000	168792.4324
4	101193.0558	1264505.6236	0.0000	217411.4668
5	161649.8717	1264505.6236	0.0000	285030.3367
6	265947.0815	1264505.6236	0.0000	370203.2294
7	451750.6525	1461554.1377	0.0000	472439.4683
8	724337.6731	1630469.0118	0.0000	534558.0922
9	1016504.5490	1787161.2502	0.0000	511260.7189
10	1150224.9362	1787161.2502	0.0000	522621.3866
11	1203877.0282	2010590.3340	0.0000	555416.9233
12	1267794.0342	2010590.3340	0.0000	545398.5523
13	1310009.3846	2129067.4693	0.0000	589640.9241
14	1423594.5648	2129067.4693	0.0000	609347.5108
15	1567848.7259	2520703.6766	0.0000	630454.7643
16	1713233.8375	4090678.9792	0.0000	676734.2513
17	1859998.3169	4583954.1861	0.0000	751253.6115
18	2008435.5635	4589550.0143	0.0000	967723.1002
19	2484611.2583	4616394.1191	0.0000	1338992.9909
20	2996200.0046	4616394.1191	0.0000	1575221.7154
21	3575390.6880	5001038.9284	0.0000	1665856.3199
22	3834832.6478	5001038.9284	0.0000	1658798.2811
23	3791234.3548	5007019.6727	0.0000	1728331.3160
24	3907715.1961	5041317.9664	0.0000	1650134.6190
25	3945960.4912	5041317.9664	0.0000	1697225.5853
26	4008224.7118	5342701.2990	0.0000	1753504.4664
27	4096616.9285	5346814.9491	0.0000	1776779.4850
28	4135224.0719	5346814.9491	0.0000	1881436.0355
29	4428083.4622	5346814.9491	0.0000	1714081.0743
30	4497499.8492	5346814.9491	0.0000	1779383.2023
31	4392315.2848	5346814.9491	0.0000	1976540.1554
32	4504899.7124	5381031.7698	0.0000	1913365.9327
33	4415731.1586	5381031.7698	0.0000	2004850.7897
34	4468749.6013	5400640.5607	0.0000	1948515.0766
35	4550159.2983	5400640.5607	0.0000	1887026.0263
36	4589103.8841	6683892.9638	0.0000	1865315.5619
37	4379952.2906	6683892.9638	0.0000	2081094.5415
38	4623113.9208	6683892.9638	0.0000	1909062.8586
39	4471379.7551	6683892.9638	0.0000	2175962.4256
40	4756834.1383	6683892.9638	0.0000	2130191.9527
41	4702014.7954	6696432.6508	0.0000	2497663.2828
42	4975203.9895	6696432.6508	0.0000	2608979.9211
43	5471548.4780	6696432.6508	0.0000	2449081.2039
44	5563864.7356	6696432.6508	0.0000	2472303.9089
45	5759279.8546	6696432.6508	0.0000	2260585.4237
46	5723425.5571	6696432.6508	0.0000	2324050.3632
47	5572023.4298	6696432.6508	0.0000	2461393.4473
48	5627883.3590	7013859.6452	0.0000	2417287.4334
49	5659303.2092	7013859.6452	0.0000	2386307.8084
50	5681061.9310	7013859.6452	0.0000	2378420.1944
51	5767385.3005	7013859.6452	0.0000	2338493.4007
52	5509146.0783	7013859.6452	0.0000	2652741.0274
53	5694249.1039	7015747.2467	0.0000	2598457.3581
54	5733408.5021	7015747.2467	0.0000	2608276.8617
55	5808318.6244	7015747.2467	0.0000	2601057.6441
56	5748168.3914	7015747.2467	0.0000	2652328.9137
57	6032768.5127	7015747.2467	0.0000	2413956.6238
58	5946729.4604	7015747.2467	0.0000	2493816.8237
59	5892660.5074	7065074.1345	0.0000	2555240.3648
60	5745766.2665	7065074.1345	0.0000	2675652.6692
61	5911608.6615	7065074.1345	0.0000	2523926.0035
62	5671149.0247	7065074.1345	0.0000	2752350.8076
63	6010509.0000	7065074.1345	0.0000	2442669.2766
64	6069753.2838	7065074.1345	0.0000	2402232.7929
65	5746027.2169	7065074.1345	0.0000	2719462.8643
66	6183831.6264	7073028.1474	0.0000	2296841.1906
67	5943498.0977	7081701.6175	0.0000	2557096.5014
68	5774316.4462	7081701.6175	0.0000	2668129.5197
69	6187711.8972	7081701.6175	0.0000	2300963.3606
70	5895366.8418	7095829.9281	0.0000	2589848.3296
71	6032307.2100	7095829.9281	0.0000	2486846.0497
72	5934614.4562	7095829.9281	0.0000	2549943.9692
73	5888743.8911	7095829.9281	0.0000	2600408.0196
74	6066116.8940	7095829.9281	0.0000	2435480.2362
75	6124676.5626	7095829.9281	0.0000	2411385.3369
76	6188319.3403	7095829.9281	0.0000	2324724.0286
77	6065521.8600	7095829.9281	0.0000	2470103.7262
78	5949587.4972	7095829.9281	0.0000	2569500.2652
79	6049080.8171	7095829.9281	0.0000	2496337.9214
80	6103171.3279	7095829.9281	0.0000	2431292.6133
81	6049619.2928	7102444.8845	0.0000	2487013.0676
82	6027711.0070	7102444.8845	0.0000	2507189.1933
83	5957952.0772	7102919.3729	0.0000	2569973.9151
84	6008827.9162	7102919.3729	0.0000	2529169.9089
85	6028090.2939	7102919.3729	0.0000	2500765.1714
86	5910724.9521	7109534.3294	0.0000	2615423.3550
87	5867772.9017	7109534.3294	0.0000	2627509.8835
88	5898658.2707	7109534.3294	0.0000	2632330.6978
89	5935816.2695	7184491.1722	0.0000	2608158.5443
90	6076747.1140	7184491.1722	0.0000	2468424.8898
91	6127712.6106	7184491.1722	0.0000	2408562.4556
92	5782330.9881	7184491.1722	0.0000	2748929.9104
93	6010873.0852	7259210.8164	0.0000	2547502.7431
94	6108089.6845	7259210.8164	0.0000	2477827.9236
95	6137669.2037	7259210.8164	0.0000	2488533.8663
96	6126057.1831	7259210.8164	0.0000	2528049.9406
97	6164520.7279	7268399.0826	0.0000	2495545.7055
98	6087840.4692	7315931.4905	0.0000	2617622.4484
99	5843342.3705	7326810.6224	0.0000	2831349.0536
100	6071859.0774	7326810.6224	0.0000	2666545.2600
101	6328716.8200	7326810.6224	0.0000	2406104.8436
102	6089762.5765	7395105.8867	0.0000	2659467.3920
103	6341509.2311	7528257.4037	0.0000	2423083.8559
104	5927993.1940	7644592.7371	0.0000	2814757.5061
105	6373847.0108	7644592.7371	0.0000	2472223.0764
106	6086691.7295	7644592.7371	0.0000	2808292.1917
107	6403364.1490	7644592.7371	0.0000	2638535.0867
108	6228131.9958	7648768.4035	0.0000	2878188.6609
109	6596229.4715	7648768.4035	0.0000	2582513.4688
110	6519678.1318	7648768.4035	0.0000	2674867.2020
111	6475880.4884	7648768.4035	0.0000	2722572.7020
112	6181505.2151	7648768.4035	0.0000	2962150.0885
113	6400960.3086	7648768.4035	0.0000	2786076.2663
114	6311930.8582	7648768.4035	0.0000	2836646.7704
115	6555866.9921	7648768.4035	0.0000	2651132.9195
116	6470188.9265	7648768.4035	0.0000	2738572.5333
117	6418609.1149	7648768.4035	0.0000	2770849.7992
118	6433352.2190	7648768.4035	0.0000	2773366.5288
119	6404642.0883	7648768.4035	0.0000	2790335.2779
120	6461880.2271	7648768.4035	0.0000	2730355.2608
121	6407341.9916	7648768.4035	0.0000	2787066.8519
122	6132605.2176	7648768.4035	0.0000	2994058.8620
123	6334118.4261	7648768.4035	0.0000	2823859.0487
124	6562141.4126	7648768.4035	0.0000	2633383.3208
125	6316830.3840	7648768.4035	0.0000	2867475.3810
126	6348162.2533	7648768.4035	0.0000	2812218.3363
127	6452560.8099	7648768.4035	0.0000	2718682.5875
128	6260324.4840	7648768.4035	0.0000	2913191.5631
129	6393424.7664	7648768.4035	0.0000	2774344.4890
130	6436121.0969	7648768.4035	0.0000	2734333.4468
131	6347734.5703	7648768.4035	0.0000	2850050.3912
132	6407761.3540	7648768.4035	0.0000	2777339.0480
133	6445472.3086	7648768.4035	0.0000	2720590.9499
134	6554455.5552	7648768.4035	0.0000	2624723.4774
135	6686441.4726	7648768.4035	0.0000	2519524.5401
136	6394247.8738	7649295.4528	0.0000	2784992.4664
137	6523162.5698	7649295.4528	0.0000	2666990.2431
138	6482007.3169	7649295.4528	0.0000	2712509.7476
139	6190785.1954	7649295.4528	0.0000	2967553.3053
140	6378977.9020	7649295.4528	0.0000	2807435.7301
141	6449831.9518	7649295.4528	0.0000	2752397.5825
142	6661405.4917	7649295.4528	0.0000	2544268.5642
143	6515258.9733	7649295.4528	0.0000	2666088.6263
144	6452221.9523	7649295.4528	0.0000	2756103.4830
145	6590665.2569	7649295.4528	0.0000	2609694.6691
146	6639431.9917	7649295.4528	0.0000	2564089.8603
147	6617696.4872	7649295.4528	0.0000	2574557.6833
148	6371680.6969	7649295.4528	0.0000	2803507.8119
149	6479852.1916	7649295.4528	0.0000	2714131.0149
150	6582773.9526	7649295.4528	0.0000	2624294.8418
151	6772568.6178	7649988.9149	0.0000	2412791.5547
152	6280587.6227	7649988.9149	0.0000	2887869.1745
153	6337373.2390	7649988.9149	0.0000	2854655.1029
154	6272651.4043	7649988.9149	0.0000	2916942.1768
155	6718191.5646	7649988.9149	0.0000	2490032.6233
156	6265206.1547	7649988.9149	0.0000	2898238.1481
157	6422373.8723	7649988.9149	0.0000	2773598.2546
158	6719097.1226	7763930.8817	0.0000	2479014.2948
159	6555085.3103	7763930.8817	0.0000	2651079.0389
160	6668934.6436	7763930.8817	0.0000	2545495.9211
161	6454928.2459	7763930.8817	0.0000	2748796.8917
162	6689572.0183	7763930.8817	0.0000	2564805.6394
163	6735024.0172	7763930.8817	0.0000	2542893.5973
164	6673718.1811	7763930.8817	0.0000	2666498.3549
165	6541743.6832	7763930.8817	0.0000	2805876.1839
166	6615823.2613	7763930.8817	0.0000	2725061.6476
167	6894431.7633	7763930.8817	0.0000	2402354.7635
168	6596958.5109	7763930.8817	0.0000	2747137.4173
169	6679965.3575	7763930.8817	0.0000	2646108.5785
170	6479064.5523	7763930.8817	0.0000	2828722.6644
171	6487546.9421	7763930.8817	0.0000	2843430.8902
172	6487145.6288	7763930.8817	0.0000	2854086.2085
173	6653451.5615	7763930.8817	0.0000	2681603.8088
174	6653181.4130	7763930.8817	0.0000	2683337.1563
175	6562527.5350	7763930.8817	0.0000	2781421.7429
176	6599855.0922	7763930.8817	0.0000	2747881.8615
177	6540201.4279	7763930.8817	0.0000	2800460.9713
178	6500515.3669	7763930.8817	0.0000	2822484.4346
179	6401198.1479	7763930.8817	0.0000	2923916.2239
180	6446504.2216	7763930.8817	0.0000	2868759.8497
181	6581725.9834	7763930.8817	0.0000	2734158.4770
182	6455526.5352	7763930.8817	0.0000	2877595.9750
183	6627909.6862	7763930.8817	0.0000	2707956.6349
184	6649091.2442	7807266.7083	0.0000	2675360.9909
185	6681540.7964	7915317.7605	0.0000	2660393.3080
186	6368059.8573	7915317.7605	0.0000	2961077.7778
187	6660710.3033	7915317.7605	0.0000	2671641.1328
188	6545187.3876	7968037.5751	0.0000	2786824.8475
189	6542109.8390	7968037.5751	0.0000	2828018.3900
190	6838029.7942	7968037.5751	0.0000	2620025.3881
191	6454879.7178	7968037.5751	0.0000	3030811.9206
192	6675156.7522	7968037.5751	0.0000	2892554.3800
193	6770220.8841	7968037.5751	0.0000	2821198.7275
194	6907530.8374	7968037.5751	0.0000	2679881.6197
195	6662586.2626	7968037.5751	0.0000	2907219.0252
196	6772453.4326	7968037.5751	0.0000	2798121.7429
197	6794013.1965	7968037.5751	0.0000	2788498.0278
198	6758188.3828	8072682.6591	0.0000	2822007.1665
199	6763706.9032	8072682.6591	0.0000	2823665.2054
200	6595728.8641	8072682.6591	0.0000	2978507.9724
201	6760816.1868	8072682.6591	0.0000	2841985.2471
202	7086298.2546	8072682.6591	0.0000	2527737.3734
203	6894183.7142	8072682.6591	0.0000	2770400.9240
204	7050193.4564	8072682.6591	0.0000	2645214.3043
205	6731384.4671	8072682.6591	0.0000	2966796.3750
206	6951640.3575	8072682.6591	0.0000	2759676.1083
207	6686257.8132	8072682.6591	0.0000	3016209.9246
208	7033605.2389	8072682.6591	0.0000	2670113.2151
209	6829949.6855	8072682.6591	0.0000	2873328.2821
210	6778133.8560	8072682.6591	0.0000	2929296.8045
211	6531024.5505	8072682.6591	0.0000	3140316.6756
212	7047199.3809	8072682.6591	0.0000	2649427.1570
213	6838856.3372	8072682.6591	0.0000	2867899.4886
214	6849702.5420	8072682.6591	0.0000	2850217.1336
215	6751114.6008	8072682.6591	0.0000	2961669.0750
216	6837401.2722	8072682.6591	0.0000	2835256.0205
217	6961936.3019	8072682.6591	0.0000	2764832.6150
218	6939955.2352	8072682.6591	0.0000	2771792.0474
219	7190913.7094	8072682.6591	0.0000	2455973.2103
220	6983850.0955	8072682.6591	0.0000	2733423.8717
221	6478430.3103	8072682.6591	0.0000	3172995.4954
222	6808526.3804	8072682.6591	0.0000	2899205.4025
223	6842116.8677	8072682.6591	0.0000	2870072.0211
224	6838996.1721	8072682.6591	0.0000	2872169.1946
225	6942356.0478	8072682.6591	0.0000	2780192.2003
226	6730785.2492	8072682.6591	0.0000	2984103.5535
227	6779754.8555	8072682.6591	0.0000	2933406.8781
228	6799473.5771	8072682.6591	0.0000	2908683.0540
229	7013964.4706	8091218.6862	0.0000	2683763.3755
230	6719143.5647	8091218.6862	0.0000	2982601.6361
231	7039869.3227	8091218.6862	0.0000	2667624.4601
232	6689377.3989	8091218.6862	0.0000	2995984.7155
233	6600776.7112	8091218.6862	0.0000	3099683.1576
234	6974132.4918	8091218.6862	0.0000	2696485.0192
235	6673593.1303	8091218.6862	0.0000	3011358.3103
236	6995708.6330	8127072.2377	0.0000	2729120.9281
237	6953158.2266	8127072.2377	0.0000	2759307.1421
238	6564948.9751	8127072.2377	0.0000	3126281.1503
239	6854008.3168	8127072.2377	0.0000	2882452.5503
240	7046746.7640	8127072.2377	0.0000	2692328.4748
241	6765272.3156	8127072.2377	0.0000	2987415.9127
242	6845128.9850	8127072.2377	0.0000	2918896.5356
243	6931628.8236	8127072.2377	0.0000	2855915.8947
244	6944548.8266	8127072.2377	0.0000	2824296.6234
245	7065573.2139	8127072.2377	0.0000	2698059.1631
246	6823400.8323	8127072.2377	0.0000	2940609.8527
247	6831204.9959	8127072.2377	0.0000	2908245.2175
248	6895285.7986	8127072.2377	0.0000	2867531.3509
249	6749557.2017	8127072.2377	0.0000	3017479.6907
250	6777440.3534	8156720.0344	0.0000	2982957.8667
251	6888335.7396	8156720.0344	0.0000	2879479.4103
252	7068097.9889	8156720.0344	0.0000	2683662.8650
253	6989008.7247	8156720.0344	0.0000	2796860.0177
254	6682209.0017	8156720.0344	0.0000	3071935.9104
255	6899815.0803	8156720.0344	0.0000	2908451.6702
256	6763730.2160	8156720.0344	0.0000	3034629.1413
257	6944596.7673	8156720.0344	0.0000	2868774.1074
258	6766628.1673	8156720.0344	0.0000	3022743.6351
259	7061832.6721	8156720.0344	0.0000	2742969.7575
260	7065914.0545	8156720.0344	0.0000	2724828.8308
261	6818771.2068	8156720.0344	0.0000	2991936.1736
262	6936557.0421	8156720.0344	0.0000	2875495.0063
263	6873839.4345	8156720.0344	0.0000	2921858.7136
264	7045926.5127	8156720.0344	0.0000	2755997.4837
265	6745133.9061	8156720.0344	0.0000	3042454.1744
266	6822410.1108	8156720.0344	0.0000	2988080.1472
267	6950434.4316	8156720.0344	0.0000	2873889.7065
268	7206819.0438	8156720.0344	0.0000	2573603.3725
269	6761082.9518	8156720.0344	0.0000	3023362.9186
270	6874197.1876	8156720.0344	0.0000	2923397.2132
271	6964313.1899	8156720.0344	0.0000	2848881.4244
272	6558560.2124	8156720.0344	0.0000	3201632.1833
273	6911588.1922	8156720.0344	0.0000	2879616.0111
274	7027252.8733	8156720.0344	0.0000	2793945.6684
275	6549653.4565	8156720.0344	0.0000	3208190.7474
276	6710753.0029	8156720.0344	0.0000	3084082.7545
277	6585433.8159	8156720.0344	0.0000	3188734.4684
278	7004279.3450	8156720.0344	0.0000	2818649.7986
279	6965760.8512	8156720.0344	0.0000	2846542.9488
280	6914533.9731	8156720.0344	0.0000	2902608.0085
281	6803811.3845	8156720.0344	0.0000	2969339.9871
282	6953400.9794	8156720.0344	0.0000	2838561.6612
283	6509764.0346	8156720.0344	0.0000	3223507.0256
284	7021522.3464	8156720.0344	0.0000	2766921.3285
285	6920912.3395	8156720.0344	0.0000	2889130.1797
286	6744270.2176	8156720.0344	0.0000	3067583.3886
287	6940899.9777	8156720.0344	0.0000	2874852.6488
288	6764130.7474	8156720.0344	0.0000	3031798.9192
289	6674891.3546	8156720.0344	0.0000	3100146.8643
290	6847273.1549	8156720.0344	0.0000	2968985.8922
291	7050207.8074	8156720.0344	0.0000	2742100.1886
292	6953388.3125	8156720.0344	0.0000	2839470.5119
293	6923532.3930	8156720.0344	0.0000	2876976.2361
294	6988262.3569	8156720.0344	0.0000	2840342.2197
295	7083786.8218	8169564.3427	0.0000	2731536.1437
296	6950397.6930	8169564.3427	0.0000	2852577.1046
297	6550910.4538	8169564.3427	0.0000	3212083.5914
298	6757451.8486	8169564.3427	0.0000	3037710.1898
299	6770229.9763	8169564.3427	0.0000	3033435.9770
300	6994685.5325	8180534.5362	0.0000	2825866.3945
301	6904071.7538	8180534.5362	0.0000	2926397.1734
302	6868566.5165	8180534.5362	0.0000	2953150.9754
303	6854089.6413	8180534.5362	0.0000	2950076.3557
304	6952126.1708	8180534.5362	0.0000	2877587.8894
305	6803933.0284	8180534.5362	0.0000	3004993.2930
306	6836673.0436	8180534.5362	0.0000	3004315.8917
307	6788655.7551	8180534.5362	0.0000	3038708.9309
308	6814445.6366	8180534.5362	0.0000	2993125.5672
309	7109936.9720	8180534.5362	0.0000	2714756.5098
310	7031507.5348	8180534.5362	0.0000	2821686.8921
311	6904081.2191	8180534.5362	0.0000	2931681.3845
312	6648981.9715	8180534.5362	0.0000	3149484.8482
313	7008769.8756	8180534.5362	0.0000	2831967.5777
314	6845684.6383	8180534.5362	0.0000	2998530.5679
315	7199928.7768	8180534.5362	0.0000	2610059.3373
316	7011847.6588	8180534.5362	0.0000	2805791.5053
317	6956013.5901	8180534.5362	0.0000	2896911.9892
318	6823982.9526	8180534.5362	0.0000	3015641.3523
319	7046089.3730	8180534.5362	0.0000	2798622.7795
320	6898965.7196	8180534.5362	0.0000	2941967.5753
321	6739907.8525	8180534.5362	0.0000	3081167.4165
322	6723862.7140	8180534.5362	0.0000	3093482.2483
323	6896613.3047	8180534.5362	0.0000	2939033.5414
324	7093242.1986	8180534.5362	0.0000	2732379.3853
325	6972925.0191	8180534.5362	0.0000	2864819.3524
326	6521903.4310	8180534.5362	0.0000	3254262.7136
327	6916346.9413	8180534.5362	0.0000	2919086.6533
328	7045367.0980	8180534.5362	0.0000	2769104.5660
329	6977768.3569	8180534.5362	0.0000	2836563.9541
330	6862331.0280	8180534.5362	0.0000	2970769.2092
331	6952901.9803	8180534.5362	0.0000	2898400.8899
332	6964368.2180	8180534.5362	0.0000	2887380.1452
333	6935157.4194	8180534.5362	0.0000	2891040.6942
334	6904176.4283	8180534.5362	0.0000	2920361.1465
335	7094322.7914	8180534.5362	0.0000	2733513.3243
336	6914377.3850	8180534.5362	0.0000	2929779.6874
337	6891370.5053	8180534.5362	0.0000	2968340.5964
338	6919432.5594	8180534.5362	0.0000	2936779.9081
339	6718569.6292	8180534.5362	0.0000	3097862.7616
340	6810725.2642	8238927.2824	0.0000	3016330.7916
341	6907505.4519	8238927.2824	0.0000	2927175.0729
342	7072590.2686	8238927.2824	0.0000	2776315.4358
343	7009278.1946	8238927.2824	0.0000	2849622.6140
344	6982334.9798	8238927.2824	0.0000	2887399.0604
345	7003888.0722	8238927.2824	0.0000	2866349.2168
346	7269585.8063	8239420.6470	0.0000	2610028.3322
347	6685023.7075	8239420.6470	0.0000	3175745.0835
348	6835156.1228	8239420.6470	0.0000	3045882.0838
349	7004988.2576	8239420.6470	0.0000	2893854.5061
350	7008437.9356	8239420.6470	0.0000	2906569.6812
351	7008394.7381	8239420.6470	0.0000	2880963.0380
352	6928603.8696	8239420.6470	0.0000	2985996.5456
353	7086416.7683	8239420.6470	0.0000	2809576.7446
354	6859896.0762	8239420.6470	0.0000	3034398.2560
355	7157178.0167	8239420.6470	0.0000	2759147.2623
356	7066084.0773	8239420.6470	0.0000	2847645.9957
357	6739742.7366	8239420.6470	0.0000	3147697.0479
358	6865440.6067	8239420.6470	0.0000	3025562.5242
359	6949932.4146	8239420.6470	0.0000	2928164.5468
360	6938355.4602	8239420.6470	0.0000	2968013.5439
361	6748181.6635	8239420.6470	0.0000	3154197.4257
362	7082096.7455	8239420.6470	0.0000	2837704.1016
363	7022934.1561	8239420.6470	0.0000	2902501.2028
364	6930354.4032	8239420.6470	0.0000	2950283.6464
365	6901393.1301	8239420.6470	0.0000	2977399.7730
366	7112157.4689	8239420.6470	0.0000	2792639.5123
367	6978171.6602	8239420.6470	0.0000	2950106.1590
368	6852174.6516	8248047.4378	0.0000	3046749.9620
369	6995969.5425	8248047.4378	0.0000	2905686.1820
370	6952797.5148	8248047.4378	0.0000	2950337.5605
371	7195943.2015	8248047.4378	0.0000	2700628.5861
372	6950545.1796	8248047.4378	0.0000	2967964.5208
373	6993247.7888	8248047.4378	0.0000	2925781.3137
374	7041747.8048	8248047.4378	0.0000	2873484.5176
375	6853904.5635	8248047.4378	0.0000	3042816.9615
376	7020681.5439	8257591.6636	0.0000	2914757.3105
377	7228258.5170	8257591.6636	0.0000	2700104.5757
378	6957732.3243	8257591.6636	0.0000	2946780.9430
379	6799160.6205	8257591.6636	0.0000	3087855.8300
380	7186142.8045	8257591.6636	0.0000	2739275.7978
381	6961129.1931	8257591.6636	0.0000	2956093.2218
382	6770697.0514	8257591.6636	0.0000	3136750.1117
383	7150082.5176	8257591.6636	0.0000	2767201.6524
384	7286807.6177	8257591.6636	0.0000	2619383.8122
385	6803885.1537	8257591.6636	0.0000	3117988.5058
386	7198513.8782	8258221.2779	0.0000	2721708.9579
387	7199423.7474	8258221.2779	0.0000	2722888.4506
388	7118303.5088	8258221.2779	0.0000	2814822.3379
389	6754277.7693	8258221.2779	0.0000	3164395.3324
390	6967463.2514	8258221.2779	0.0000	2960464.1233
391	6583188.6217	8258221.2779	0.0000	3270044.4179
392	6978193.3511	8258221.2779	0.0000	2950374.8688
393	7064154.8973	8258221.2779	0.0000	2876178.3533
394	7174605.9849	8258221.2779	0.0000	2774436.6245
395	6947410.6180	8258221.2779	0.0000	2982128.9684
396	7019940.2830	8258221.2779	0.0000	2899341.2685
397	7010200.2634	8258221.2779	0.0000	2906271.5135
398	7014495.5683	8293838.6563	0.0000	2936375.9534
399	6855241.1390	8293838.6563	0.0000	3080845.9855
