=== Cenário B ===
gen	avg	max	min	std
0	328.6463	7154.1890	0.0000	964.5724
1	657.7407	7928.1251	0.0000	1409.7649
2	1080.2937	8820.5794	0.0000	1792.3601
3	1931.2536	11715.5783	0.0054	2431.6813
4	2648.4372	15918.6742	0.0023	3302.3532
5	3776.8026	22783.2021	0.0007	4204.4645
6	5450.1808	22783.2021	0.0002	4540.4991
7	6735.1881	22783.2021	0.0034	5352.6057
8	7455.7925	22783.2021	0.0004	6298.9562
9	8281.4201	39066.0721	0.2492	7923.4491
10	10868.5161	39066.0721	0.0036	9225.1300
11	14423.4368	40107.8329	0.0017	10383.2686
12	15567.7845	40894.6834	0.0000	12537.2356
13	18337.1578	40894.6834	0.0010	13984.6792
14	22360.2685	40894.6834	0.0013	15742.1846
15	27102.8668	40894.6834	0.0010	15871.9079
16	33163.0189	66345.8174	0.0042	14600.5574
17	36707.2033	134279.6501	0.0015	15131.0799
18	38634.1863	134279.6501	0.0007	21884.5967
19	48316.6274	134279.6501	0.6430	31033.5934
20	68729.4772	192624.4277	0.0001	42009.7142
21	90538.8319	192624.4277	0.1053	48443.9357
22	105922.3551	212357.1511	0.0000	52886.7068
23	127755.9432	424262.9685	0.0001	52351.2029
24	138623.0289	424262.9685	0.0000	65952.8466
25	158146.5698	424262.9685	0.3759	81469.9465
26	187797.0717	424262.9685	0.1135	93667.0850
27	203154.8703	424262.9685	0.0005	132417.1543
28	263045.1910	425281.8875	0.0190	157738.8869
29	325410.6887	425281.8875	1.4079	161394.9369
30	358818.6791	425281.8875	0.2268	150082.7501
31	354058.5035	425281.8875	0.0212	153293.0251
32	377064.8387	689708.5110	2.7178	137788.0498
33	367636.8927	689708.5110	0.0006	164691.4378
34	374181.9995	1002017.3357	0.0759	202494.0767
35	470024.1931	1002017.3357	2.4763	191573.7013
36	533730.6096	1003806.6640	0.0438	222631.8548
37	597626.9792	1003806.6640	0.0030	237333.5918
38	654483.3063	1003806.6640	0.0010	248625.5579
39	715538.2911	1003806.6640	0.9228	302373.4448
40	834317.6842	1003806.6640	0.0051	314097.5369
41	846706.7249	1003806.6640	0.0015	351386.6554
42	863245.6069	1003806.6640	1.8213	340229.3975
43	889876.3662	1004399.4758	0.0007	305609.9810
44	895536.7359	1004399.4758	0.6871	308148.0298
45	868710.4052	1015579.4533	0.1700	334525.0141
46	843330.0994	1022402.0329	2.0330	362715.1454
47	852939.0401	1022402.0329	0.0021	349932.8672
48	867993.3224	1022402.0329	0.0285	341559.6165
49	869566.1373	1157436.1974	0.7039	348890.9193
50	863252.3438	1157436.1974	0.2804	362409.4575
51	881429.6949	1157436.1974	0.1746	351968.4999
52	874269.4812	1157436.1974	0.0036	380826.9074
53	926850.5248	1157436.1974	0.0021	377634.5649
54	975004.3142	1173190.6432	0.0643	385859.7095
55	981493.6114	1173190.6432	0.0146	405455.4233
56	973692.5013	1185048.7977	0.0080	415187.8416
57	997207.5196	1231183.3466	0.0003	394525.1508
58	984700.0056	1231183.3466	0.0313	417579.9741
59	994563.8929	1231183.3466	0.0019	411945.0592
60	1051131.4580	1231183.3466	0.0001	357371.9167
61	954765.1971	1231183.3466	2.2525	465975.1930
62	965234.7894	1231183.3466	0.1564	470352.1724
63	1064415.1792	1231183.3466	0.0018	402847.5555
64	1099969.3081	1231183.3466	0.0548	371595.6243
65	1047063.0209	1231183.3466	0.1206	429090.0535
66	1029431.5432	1231183.3466	0.2695	444175.6695
67	1012715.7083	1231183.3466	0.0181	459920.8989
68	1029819.3798	1231183.3466	0.8798	446262.9553
69	1033731.6944	1231183.3466	0.0294	444968.2241
70	1065966.6084	1231183.3466	0.0036	412664.4988
71	1110600.6927	1338508.3266	0.0011	360560.0920
72	1075750.1952	1338508.3266	0.0226	407539.1235
73	1110928.5648	1338508.3266	0.0040	373193.8897
74	1073674.6627	1338508.3266	0.4511	440282.2458
75	1143630.0491	1338508.3266	0.7268	408381.5757
76	1186457.7910	1338508.3266	0.3097	393410.0842
77	1111398.7331	1338508.3266	0.0077	492926.4338
78	1147842.2942	1338508.3266	0.1732	455618.2534
79	1185707.6998	1338508.3266	0.5613	415272.5909
80	1181840.7442	1338508.3266	0.0002	425192.3982
81	1190892.0723	1338508.3266	0.0117	410744.8343
82	1181683.6268	1368344.3876	0.0001	425253.7195
83	1096660.8554	1368344.3876	0.2818	509994.1343
84	1153752.9527	1368344.3876	0.0001	457143.7342
85	1141291.4359	1372143.0648	0.0138	476178.9858
86	1157682.0705	1605374.9141	0.0173	474627.9895
87	1145726.6135	1605374.9141	0.2009	508439.0827
88	1131520.2108	1605374.9141	0.0982	543742.4379
89	1212057.6636	1605374.9141	0.0038	542587.5683
90	1285609.5692	1605374.9141	0.0439	554711.2837
91	1343407.7527	1605374.9141	0.0023	560164.6936
92	1346394.3988	1605374.9141	0.3680	577030.2393
93	1404376.8301	1605374.9141	0.0002	524562.5838
94	1368063.0842	1605374.9141	0.0652	562813.9075
95	1370176.3238	1605374.9141	1.4625	553401.5328
96	1355594.4885	1605374.9141	0.3428	573398.5203
97	1415539.1762	1605374.9141	0.0219	514608.7092
98	1348816.2311	1605374.9141	0.0213	570923.7547
99	1346131.1009	1605374.9141	0.0980	576131.8692
100	1329471.3503	1605374.9141	0.0220	594827.9486
101	1358110.5574	1605374.9141	0.0008	569212.0108
102	1419089.0944	1605374.9141	6.0863	502267.3878
103	1348806.2764	1605374.9141	0.0062	579942.6007
104	1356523.5515	1605374.9141	0.0006	567855.5832
105	1359545.0713	1605374.9141	0.1142	572438.3534
106	1447294.4488	1605374.9141	2.5455	464397.6300
107	1313450.1207	1605374.9141	0.2605	607249.1694
108	1322906.9006	1605374.9141	0.0164	603296.5176
109	1257494.2648	1605374.9141	0.0429	647524.0704
110	1354081.8221	1605374.9141	0.3000	567513.7544
111	1346876.8696	1633168.2066	0.0323	573314.2149
112	1337688.1795	1633168.2066	0.0392	593084.6016
113	1347740.8368	1633168.2066	2.8373	581912.2957
114	1345450.1603	1633168.2066	0.3041	577534.5672
115	1393135.2912	1633168.2066	0.0000	539992.0251
116	1406386.5786	1633168.2066	0.2495	546187.9606
117	1450945.5367	1633168.2066	0.0017	502674.1244
118	1436859.2094	1633168.2066	0.0243	525205.3171
119	1390391.5897	1633168.2066	0.3869	566620.7246
120	1397932.1827	1633168.2066	0.2705	562617.8009
121	1361956.3677	1633168.2066	0.0711	601540.0922
122	1400074.4203	1633168.2066	0.0317	562316.9824
123	1388061.1406	1633168.2066	6.6266	571600.4458
124	1347576.9014	1633168.2066	0.0116	616975.2071
125	1395025.7277	1633168.2066	0.0001	561216.2270
126	1432146.6046	1633168.2066	0.1362	524938.8596
127	1375968.8101	1633168.2066	0.1152	582319.6512
128	1449345.1877	1633168.2066	0.2845	504468.3976
129	1426865.9251	1633168.2066	0.0332	528713.2495
130	1492423.2447	1633168.2066	0.0009	449835.3164
131	1407248.0688	1695139.9603	0.0457	553637.1454
132	1430799.8979	1695139.9603	4.4479	522952.2731
133	1387284.9732	1695139.9603	0.0033	577077.8488
134	1484758.0179	1695139.9603	2.3933	481469.8492
135	1402666.6714	1714767.6802	0.1676	592202.1162
136	1472628.9517	1714767.6802	0.3480	556987.7746
137	1476607.2873	1714767.6802	0.0020	565235.7858
138	1492304.1961	1714767.6802	0.0847	549202.5163
139	1479893.3506	1714767.6802	0.0132	572701.2066
140	1431583.8125	1714767.6802	0.0073	620429.2725
141	1445301.8934	1714767.6802	2.7416	609192.2768
142	1453487.0019	1714767.6802	0.0413	604495.7786
143	1370002.1467	1715415.3652	0.0084	676308.3971
144	1438064.1681	1715415.3652	0.3072	611278.3574
145	1445109.0976	1715415.3652	0.0513	600991.7712
146	1504750.8832	1759264.7884	1.6765	545474.8156
147	1445110.9723	1759264.7884	0.0001	620168.3881
148	1489291.8848	1759264.7884	0.0012	559681.2736
149	1466624.9569	1759922.2975	0.0015	588799.4959
150	1426686.8430	1759922.2975	0.0262	642420.8297
151	1546091.1789	1759922.2975	0.3965	545981.9162
152	1568159.9053	1759922.2975	0.1827	539042.0741
153	1469445.5537	1759922.2975	0.0380	643544.7684
154	1545109.4392	1759922.2975	0.4079	559664.7568
155	1524521.7163	1759922.2975	0.0503	580270.7687
156	1533780.5872	1759922.2975	0.2648	582647.2764
157	1479697.7690	1759922.2975	0.3404	635767.7166
158	1465384.1013	1759922.2975	0.0033	644289.7044
159	1543420.4313	1759922.2975	0.0077	563014.1733
160	1491608.9582	1759922.2975	0.0086	614044.7834
161	1554192.5069	1759922.2975	0.0027	544747.1918
162	1533186.4199	1759922.2975	0.4488	575066.2758
163	1519222.0295	1804745.7385	0.2193	598953.6235
164	1484849.9995	1804745.7385	0.0305	633399.7577
165	1460262.8703	1804745.7385	0.0011	647820.3704
166	1482181.1587	1804745.7385	1.4384	635788.1405
167	1554208.1270	1804745.7385	0.0002	575851.5159
168	1394909.4434	1804745.7385	0.0161	738819.0788
169	1492069.2074	1804745.7385	2.2822	667140.2934
170	1524354.0493	1804745.7385	0.0051	639811.0180
171	1490981.3279	1804745.7385	0.0033	670010.1678
172	1568150.5512	1804745.7385	0.1177	591414.2006
173	1553975.3202	1804745.7385	1.1794	618235.7464
174	1609664.2029	1804745.7385	0.8496	551804.1431
175	1633857.7369	1804745.7385	3.0059	516534.7983
176	1573145.5044	1804745.7385	0.4364	590787.7081
177	1576116.1705	1804745.7385	2.0382	574261.5409
178	1618813.1071	1804745.7385	0.0841	543246.4584
179	1587948.3267	1804745.7385	0.0012	574541.8526
180	1532397.6315	1804745.7385	0.0107	628688.0343
181	1533566.0009	1804745.7385	0.9452	634928.5365
182	1457561.3280	1804745.7385	0.0248	699881.3177
183	1565508.1663	1804745.7385	5.1140	603825.5463
184	1505365.4948	1804745.7385	0.0326	663457.4211
185	1514834.1451	1804745.7385	11.2693	649602.7538
186	1483007.1383	1817455.4275	0.1556	680395.7158
187	1483686.8760	1817455.4275	2.7523	685853.0083
188	1525160.7562	1817455.4275	0.8752	637330.3128
189	1500196.0027	1817455.4275	0.0030	659900.5630
190	1607614.8810	1817455.4275	0.0046	554511.3672
191	1626127.8901	1817455.4275	0.0188	535864.0054
192	1597825.8303	1817455.4275	0.0027	580389.7538
193	1523582.5398	1817455.4275	0.1665	659226.5755
194	1503410.7123	1817455.4275	0.0017	673770.3276
195	1548545.3290	1835408.3523	0.0243	635854.7132
196	1587977.4547	1835408.3523	0.0615	586041.9660
197	1533950.6096	1841539.9264	0.0249	648718.7810
198	1599775.2581	1889636.4974	0.0184	586803.3047
199	1535379.3611	1889636.4974	0.7954	660173.2946
